mcz 1 -70.74740263016822 -94.55565558374052
mcz 2 -64.2942791872429 -94.55565558374052
mcz 3 -58.107396461517496 -78.7353453827765
mcz 4 -50.01483859199183 -63.87631931700503
mcz 5 -56.96697240753365 -49.520852653167275
mcz 6 -63.225406014297754 -37.362651295019006
mcz 7 -69.68128040705591 -26.229840412859115
mcz 8 -64.82878745887089 -40.73404727339034
mcz 9 -64.9961464993084 -52.17791241894144
mcz 10 -60.72845164349634 -62.57830153253817
mcz 11 -66.14695139841352 -77.95915867236431
mcz 12 -51.33794436536024 -41.86948015395823
mcz 13 -43.09376706938617 -53.12361961274216
mcz 14 -60.27580567437094 -23.58032278556902
mcz 15 -50.21518112079308 -21.128232874760446
mcz 16 -28.213458738465764 -49.361571338027844
mcz 17 -11.148317506018495 -39.01611300132109
mcz 18 6.002144332050239 -21.958934880984216
mcz 19 50.25654659661474 -6.57807774115806
mcz 20 40.407891383994844 12.31840388777119
mcz 21 -5.73310595204416 13.348453335560848
mcz 22 -11.092665019937689 0.018377147711539088
mcz 23 -22.702344721821255 -0.12810720600109574
mcz 24 -54.247306262068626 -0.2563447579745671
mcz 25 -53.70940386486028 14.572247609527466
mcz 26 -31.340541760154856 16.351319584995355
mcz 27 -26.534892595255844 51.07177807071367
mcz 28 -37.908077881095856 40.494836890659826
mcz 29 -53.595754737056744 35.9538219255683
mcz 30 -54.879756822241056 54.55733484707233
mcz 31 -54.656093695240514 73.6596693981969
mcz 32 -66.51271241749289 100.0268530664703
mcz 33 -65.31737285787463 79.95849660783998
mcz 34 -60.672505996370916 63.55224899202545
mcz 35 -71.61723557817521 22.827039205172653
mcz 36 -63.74322801358173 35.57117797817147
mcz 37 -34.62002524559336 -17.922363384493742
mcz 38 28.94847286991002 -14.58251746318199

bz 39 78.97164812144206 30.432530503145625
bz 40 72.25380126165153 23.401281524939392
bz 41 76.59207137081702 23.69425023236466
bz 42 69.04811088845776 22.946779092507434
bz 43 62.741939831558234 24.5581069833464
bz 44 59.26658310070916 24.5581069833464
bz 45 55.229807581603204 46.091306979102974
bz 46 60.29860894330835 41.403807660298824
bz 47 52.46577333144651 18.25927977370328
bz 48 25.616350169907474 10.407715400414743
bz 49 74.79727379435792 -33.817835251680705
bz 50 78.52433401165 -23.563930491796626
bz 51 67.50460061211436 -26.347526992746552
bz 52 59.59559304769426 -26.86993414710808
bz 53 18.92718711923518 -14.2722797278219
bz 54 -5.757980823188924 -8.559389933029323
bz 55 -11.978304086947896 3.452327071406312
bz 56 5.94037966536252 11.801935233026235
bz 57 -24.06975537428634 11.801935233026235
bz 58 -26.716059354198002 -16.469545033511345
bz 59 -26.059957769134623 -1.2351722473978224
bz 60 -26.059957769134623 10.0441229884747
bz 61 -25.928291962997125 -10.317202177580882
bz 62 -12.550866081718116 -19.838685168901847
bz 63 -7.358710847119787 -27.89532462309648
bz 64 -11.060640227549234 -44.71100824523467
bz 65 6.083657268809208 -1.926266824560894
bz 66 -5.0312116560255316 -2.5122042394114135
bz 67 -33.38138324118061 -1.8676736706072596
bz 68 -62.10075755698096 -1.4219054604083683
bz 69 -72.54243498196197 -2.0082729400491073
bz 70 -75.40610051487295 0.6284454267782192
bz 71 -78.67397189102182 -1.568819878911223

stz-b1 72 -16.82212707688552 -131.82860827552494
stz-b1 73 -24.88981250780461 -135.4907171183407
stz-b1 74 -16.401015768455437 -114.54345453743461
stz-b1 75 -0.8511405913456743 -109.59438543887205
stz-b1 76 5.876776827151835 -99.63344938641322
stz-b1 77 -18.350478582608673 -98.04654022715337
stz-b1 78 -21.517253407538924 -81.6402926113388

stz-f1 79 -3.073322928569955 -79.2407195451009
stz-f1 80 -0.7896174018317504 -98.60595521863047
stz-f1 81 -4.009022879725082 -115.74462460300816
stz-f1 82 -26.979605504051538 -115.1293923354578
stz-f1 83 -22.620730066249493 -134.953816231782
stz-f1 84 -6.139189369167783 -69.33837766838944
stz-f1 85 5.41322221856619 -60.40283209191902
stz-f1 86 13.070111715265687 -57.18017631024115
stz-f1 87 22.134407630646226 -48.537599441195994
stz-f1 88 -27.889662697606028 -61.22314327210208
stz-f1 89 -36.90195256216199 -49.357910621379034
stz-f1 90 -46.899300996543026 -77.9223595953419
stz-f1 91 -30.825601679447637 -58.00048749042421
stz-f1 92 -43.9240813210752 -44.36576868045221
stz-f1 93 -48.48245313941082 -34.69780133541863
stz-f1 94 -5.7895311640109375 -46.42821894905451
stz-f1 95 -3.0148137283831424 -37.63915772629672
stz-f1 96 14.549465145785897 -28.117674734975765
stz-f1 97 1.963877491428259 -8.342286983770721
stz-f1 98 -18.26772739488158 -5.765053142555714
stz-f1 99 -26.12596139987684 -24.075597356634464
stz-f1 100 -15.30963921082523 -35.24404174054522
stz-f1 101 -14.602033340852175 7.8223582509680165
stz-f1 102 6.4767570111739685 2.3604397380080404
stz-f1 103 -9.288757059032994 14.372156742443735
stz-f1 104 -21.35992656936161 31.664167473246597
stz-f1 105 2.3799162963839606 34.38545163771432
stz-f1 106 -5.81252704551431 49.03388700897732
stz-f1 107 -6.750533394086928 62.49755932071367
stz-f1 108 -17.30503572798994 64.2623252798988
stz-f1 109 -29.888137668029646 63.82287221876091
stz-f1 110 -38.59098342167157 96.48888309667738
stz-f1 111 -42.95546975341066 118.17170929190613
stz-f1 112 -45.26881560092488 140.73029976365117
stz-f1 113 -52.65560299365254 134.5779569077207
stz-f1 114 -48.665919713409366 132.23420724831863
stz-f1 115 7.044107741741712 63.7573233065862
stz-f1 116 23.645780032909883 81.92138316695232
stz-f1 117 31.179514881978406 88.07372602288278
stz-f1 118 20.798483449162003 98.32763078276687
stz-f1 119 34.308276748293835 123.75732245509141

stz-f2 120 -49.733504274662685 -8.785397760038267
stz-f2 121 -43.770599043310554 -6.295163746923533
stz-f2 122 -42.325556086897535 3.079834890684775
stz-f2 123 -49.66718340954948 32.31811611939744
stz-f2 124 -42.712049174579505 45.0235641440585
stz-f2 125 -36.39476614577825 49.12512604801216
stz-f2 126 -36.618112577617936 60.85031091414791
stz-f2 127 -43.346632120657155 81.32642140318421
stz-f2 128 -31.115072230102957 51.00952253969636
stz-f2 129 -24.737343411069023 36.221675658087364
stz-f2 130 -6.581835248490021 40.581844693963525
stz-f2 131 -15.93183999706487 8.649904944002241
stz-f2 132 -18.728201849140827 -2.7758746455828747
stz-f2 133 -5.146822086739618 -13.766078882478928
stz-f2 134 -6.748981323358538 -27.701302096896523
stz-f2 135 -19.8328520148849 -38.54114427163114
stz-f2 136 -27.21294288566997 -34.87903542881539
stz-f2 137 13.33456738572088 -36.34056528948407
stz-f2 138 4.518507437799496 -7.127455078361003
stz-f2 139 -5.42959280072648 23.194806140153425
stz-f2 140 14.048255413276797 36.08542926686485
stz-f2 141 18.128917938433013 45.606912258185766
stz-f2 142 28.124877564231472 59.86084057071368
stz-f2 143 34.25986207375792 81.83349362760818
stz-f2 144 37.34795905396965 79.63622832191876

suz-f1 145 -28.380527770046346 -42.76611074485988
suz-f1 146 -16.77518115287947 -42.61962639114723
suz-f1 147 8.29257510326005 -36.467283535216765
suz-f1 148 26.23130299512427 -44.64319016675373
suz-f1 149 24.421724689047405 -63.30322367485065
suz-f1 150 -32.89073483099992 -43.61572188671157
suz-f1 151 -31.40248884561958 -64.27001576019242
suz-f1 152 -30.21991580619289 -95.266111213182
suz-f1 153 -4.101251208990275 -69.25335352154826
suz-f1 154 -3.662807525032602 -97.52483378808584
suz-f1 155 23.93924776235412 -97.23895447642865

suz-f2 156 -51.08499815272572 -137.12284346443627
suz-f2 157 -15.621715749619382 -137.45361031911247
suz-f2 158 1.8373082416398474 -137.450124030125
suz-f2 159 33.32683295263211 -137.59660838383766
suz-f2 160 45.1802062314945 -132.91664933347934
suz-f2 161 50.57693584978841 -137.1646955911456
suz-f2 162 60.2457907448562 -141.70571055623714
suz-f2 163 -4.156646657848262 -126.7766227705293
suz-f2 164 -3.572043982880993 -102.4602200542327
suz-f2 165 -20.68803378702937 -100.55556799238661
suz-f2 166 -22.594144219428063 -76.67861833722797
suz-f2 167 -14.291445394657629 -40.89111295874634
suz-f2 168 5.587353601912162 -43.111375891738554
suz-f2 169 -3.9221857140884926 -76.3633241845056
suz-f2 170 15.792759483278825 -54.83012418874899
suz-f2 171 35.98504350405247 -59.14306657335588
suz-f2 172 36.22174867666929 -70.71533051665362
suz-f2 173 36.58376003257473 -35.57590465753437
suz-f2 174 20.66148472315318 -16.457518059228377
suz-f2 175 6.753262575873671 -17.4829085352168
suz-f2 176 -15.459204087312829 -8.838043089937326
suz-f2 177 36.1508133013588 5.6616258653139715
suz-f2 178 49.21131629164389 31.589356472449513
suz-f2 179 49.59261138584697 50.48583810137879
suz-f2 180 42.48931423317444 37.595214974667364
suz-f2 181 29.510933191338246 53.26904082191875
suz-f2 182 25.21943882913178 38.03466803580525
suz-f2 183 6.404013700591847 37.44873151502424
suz-f2 184 -3.83365156722189 33.64013831849586
suz-f2 185 -8.574483533458856 45.4094520421801
suz-f2 186 -8.28468015440831 58.44655952260418
suz-f2 187 -7.999849693965187 83.64990273011576
suz-f2 188 -7.854765460905941 111.13037267220852
suz-f2 189 14.662866187730435 117.72216858927688
suz-f2 190 -5.089576173032891 128.12255770287362
suz-f2 191 10.80587664028224 137.35107198676926
suz-f2 192 -19.394163835798818 114.49543052449883
suz-f2 193 -42.57718570548216 115.21802711621608
suz-f2 194 -29.741924608027865 137.77661758796106
suz-f2 195 -8.729236236984082 138.0695862953864

scz-f1 196 -12.666243618627623 20.170897549816676
scz-f1 197 17.423151051049814 -3.266599044204135
scz-f1 198 -11.23318438389091 -19.086909245168176
scz-f1 199 -1.3447876705687505 7.280274423105252

scz-f2 200 -60.758489541238546 -48.68408060180312
scz-f2 201 -68.48479449058391 -51.906736383480975
scz-f2 202 -66.34870958519245 -23.781740470656015
scz-f2 203 -72.48368185026645 -22.023928226104456
scz-f2 204 -71.30170682355559 6.173407165512019
scz-f2 205 -73.13427446202083 -14.041433646830903
scz-f2 206 -74.40292866955916 5.733954104374136
scz-f2 207 -78.01803729852541 5.588247111716847
scz-f2 208 -79.68592784939263 7.053090648843114
scz-f2 209 74.2100741525006 9.982777723095731
scz-f2 210 -66.76604230554886 27.736682568129314
scz-f2 211 -62.130643178975156 49.2260724550914
scz-f2 212 -52.464097806432896 70.26122904568933
scz-f2 213 -45.86473495611927 77.45119872135278
scz-f2 214 -8.856759144666478 90.68364471792219
scz-f2 215 -3.6164027930746183 99.17973723325471
scz-f2 216 29.33349793920423 84.09667850179349
scz-f2 217 53.885764135730504 62.02272713835178
scz-f2 218 63.15334979892124 53.52663462301924
scz-f2 219 61.240984528571325 43.56569857056039
scz-f2 220 67.87614098405477 27.158442857958608
scz-f2 221 66.7463145418187 30.674067347061722
scz-f2 222 61.101559384830374 77.5490605351033
scz-f2 223 70.67140768359629 88.6818714172632
scz-f2 224 70.76814242039774 65.24437482324237
scz-f2 225 73.87415802920705 55.28343877078357
scz-f2 226 66.97656037583609 47.95922108515208
scz-f2 227 73.95532993888523 31.260004761912224
scz-f2 228 80.67581560865844 15.439694560948222
scz-f2 229 78.4557428803464 18.3693816352008
scz-f2 230 77.35141719456891 -5.068114958819993
scz-f2 231 74.2760563843116 -15.322019718704087
scz-f2 232 66.7463145418187 -13.271238766727263
scz-f2 233 63.67946000008667 -44.32592464888716
scz-f2 234 59.94847361227271 -36.41576954840514
scz-f2 235 56.07292584590573 -38.759519207807216
scz-f2 236 63.80906280749394 -66.88451512063216
scz-f2 237 59.206754966846255 -72.74388926913737
scz-f2 238 48.769311381018 -84.46263756614778
scz-f2 239 54.57298659470947 -40.517331452358775
scz-f2 240 50.290359357416 -59.85326614242592
scz-f2 241 34.97051192121751 -75.77045098563084
scz-f2 242 1.9192163150311672 -84.85248091581391
scz-f2 243 -46.678022884181495 -66.66930048386212

scz-f3 244 -5.723785496948087 109.27465004949038
scz-f3 245 -5.029844800053148 67.33886787508207
scz-f3 246 -3.86151631291665 29.545904617223524
scz-f3 247 -33.429147025640184 28.666998494947755
scz-f3 248 -4.146020386288655 20.663622283156606
scz-f3 249 23.304825907621577 29.452683505914415
scz-f3 250 39.47068669999833 6.594003554669833
scz-f3 251 25.485426836211843 -28.520498099073063
scz-f3 252 -34.835594306391016 -29.106435513923582
scz-f3 253 -47.78285493260105 5.179466177062949
scz-f3 254 -5.250149168242928 -61.608491664815524
scz-f3 255 -5.499096500243876 -92.33086639437879

ad-b1 256 -14.258613288836427 27.225110268342718
ad-b1 257 -14.517479085454221 -3.7525438422034516
ad-b1 258 4.509430079240833 -11.95566765011074
ad-b1 259 16.019936222637654 0.7884711228880682
ad-b1 260 17.365928529745283 31.003420462565394

ad-f1 261 76.23420729471125 -17.39501733545778
ad-f1 262 72.67745308138613 -1.2817384270684908
ad-f1 263 74.7838946619914 18.640137765024242
ad-f1 264 78.51418350387327 18.933106472449474
ad-f1 265 79.4111091328071 3.845218040048626
ad-f1 266 80.56974729681588 -12.865546731996186
ad-f1 267 82.2776877782422 9.024675521837594
ad-f1 268 74.86067993063352 38.76099932550148
ad-f1 269 69.67803256989934 32.90162517699629
ad-f1 270 70.9602204472919 8.438113991537374
ad-f1 271 62.23955248612224 21.790433992652165
ad-f1 272 64.69324987331771 -1.5512844858866173
ad-f1 273 38.97104472921715 -5.066940587349823
ad-f1 274 46.861128858514576 30.50537501381921
ad-f1 275 40.18097059259076 30.541997813751905
ad-f1 276 21.617856513235168 47.29248023778201
ad-f1 277 17.05809865129276 26.491702010588593
ad-f1 278 28.89023114276704 7.78541038811913
ad-f1 279 41.52869822969931 11.1579081841211
ad-f1 280 -0.7896167632712909 13.044439514831973
ad-f1 281 -19.805332652455036 43.889131738734676
ad-f1 282 -8.317351832072264 31.730930380586376
ad-f1 283 -20.63007704533378 16.05710453333499
ad-f1 284 3.07111735565815 -12.370482761027658
ad-f1 285 -39.072155770159576 0.5346676100578175
ad-f1 286 -53.17229401650389 2.5854485620346246
ad-f1 287 -27.392252495353276 40.140854662114776
ad-f1 288 -47.67432826515287 36.36474941777282
ad-f1 289 -63.94375086892429 46.754570887385746
ad-f1 290 -73.00507318757657 43.4838880630474
ad-f1 291 -75.99450698593908 67.36084065586317
ad-f1 292 -68.18975773905159 30.700586989617243
ad-f1 293 -68.93914987511049 12.243558421825853
ad-f1 294 -46.85925516519292 -7.58056474264203

osp 295 -6.983226377237837 147.0190420140115
osp 296 -5.527143939148856 115.52490596579604
osp 297 -6.894314612618865 100.67002099447517
osp 298 -27.19875686705631 85.55164641229702
osp 299 -51.85475249269456 68.1005897894499
osp 300 -28.84591669484901 63.64746444885197
osp 301 -16.824574178292753 66.28945650616122
osp 302 -1.9834233123767553 70.68398743685064
osp 303 25.90407377512007 56.762698302311335
osp 304 31.051717794167708 44.60449606073726
osp 305 25.243277384059013 11.333597718260032
osp 306 27.020169307959783 -14.787774496668751
osp 307 29.54754441996963 -44.34652025889781
osp 308 47.78330193417469 -65.00081563313813
osp 309 51.66316254115151 -75.25472113808013

bp 310 -45.203032790849136 -57.442221563827545
bp 311 -55.27105298317237 -49.82503461729921
bp 312 -50.14026820873863 -13.666988410055925
bp 313 -50.365057736312764 23.39355819885196
bp 314 -61.75993461239832 23.920902012714077
bp 315 -66.18585709675564 48.560322500916755
bp 316 -69.64834199665479 59.83961855635295
bp 317 -53.490515382019986 45.92360394250311
bp 318 -57.70636481991799 54.27321271081301
bp 319 -62.71516566630779 75.21586436719988
bp 320 -69.33954515723728 72.4326614444299
bp 321 -50.64472127702597 30.98161180714803
bp 322 -45.972684101786136 41.52848604080268
bp 323 -30.62652846567766 41.733401331518166
bp 324 9.158547299838416 49.87793375232361
bp 325 24.098666205541292 49.37988663251884
bp 326 3.1146697917310355 19.459259474199953
bp 327 36.095419228243955 32.784318031527384
bp 328 57.9644872813642 25.4509114899527
bp 329 66.5100964783394 26.913264754865327
bp 330 73.65214547238018 61.743166115667
bp 331 77.80447105339722 17.416995890438304
bp 332 79.01475846128412 -2.3547019588492017
bp 333 80.68862231482882 12.000765748069592

sgrz 334 -80.19892392922979 -3.120113218469576
sgrz 335 -77.89755247805986 10.942385759736617
sgrz 336 -73.87411061893806 -17.065425803619053
sgrz 337 -61.67664890305444 -4.321285274412223
sgrz 338 -63.035683076386796 13.549807177058108
sgrz 339 -59.041284828504054 19.73144781270181
sgrz 340 -54.70851756097305 -4.204098051148045
sgrz 341 -70.71977640149618 -28.579097965998574
sgrz 342 -69.95088393544734 -49.73144180114805
sgrz 343 -57.62655779513396 -51.04980108035488
sgrz 344 -58.07862681052523 -117.93456718432076
sgrz 345 -35.36631872081282 -2.7392543437228016
sgrz 346 -15.69597118151624 -2.1790385403962813
sgrz 347 0.9653327535630253 110.46387078400144
sgrz 348 0.5182342031363864 94.4857277603634
sgrz 349 1.0573225328189182 34.24052236212589
sgrz 350 1.6430947474745037 26.47685105124123
sgrz 351 -3.5148208232723035 -67.9816650661119
sgrz 352 27.61768484593428 -77.68990132664534
sgrz 353 0.18085938443472693 -78.5727992955431
sgrz 354 0.7113678688843901 -101.33558769409669

cofe 355 64.282143820036 28.87207434539258
cofe 356 73.01361991630147 29.165043074105185
cofe 357 76.05110498694229 52.74902573547177
cofe 358 75.40111370371962 64.17480615526426
cofe 359 64.66091012478424 57.72949412358647
cofe 360 60.4055226388234 57.146440185951256
cofe 361 62.96789593406881 8.1884806166799
cofe 362 60.958199485000925 -6.342770128378091
cofe 363 50.75409601564895 -13.374019617481167
cofe 364 17.055429464108954 -10.825190502618415
cofe 365 22.754612431836787 -39.38964410658424
cofe 366 43.833502779873406 6.870120826576188
cofe 367 49.742447498957546 29.428729364449225
cofe 368 35.31620962434722 38.686526501817156
cofe 369 22.778155069921585 43.52303867667518
cofe 370 22.372375758081848 26.384368046986438
cofe 371 26.767141416592597 16.130462542044423
cofe 372 25.71606470244002 9.245697417297649
cofe 373 -75.15581146202386 39.23893377537684
cofe 374 -77.66162020052197 38.21354322488262
cofe 375 -76.31037129496846 -8.661453369137938
cofe 376 -78.68214810485526 -27.524410146687995
cofe 377 -81.5966161949621 -39.37125123304662
cofe 378 -80.50414765654304 -43.76578216373604
cofe 379 -80.49283901006773 -63.13931360729115
cofe 380 -78.64083514651735 -67.68032890233688
cofe 381 -73.2440098707057 -81.66503482737738
cofe 382 -73.2440098707057 -61.1572238174934
cofe 383 -72.98875517083549 -50.90331831255143
cofe 384 -73.14235724815097 -38.36425483333233
cofe 385 -70.95060027685497 -13.110348923930307
cofe 386 -60.65952208860219 -13.110348923930307
cofe 387 -51.804829318942375 -13.247805969919499
cofe 388 -39.387768549683656 -11.974309769215587
cofe 389 -33.25671153579325 -7.8727475672388065

eh 390 -50.76835956485933 -55.882213522592245
eh 391 -37.81347276886775 -34.54100941121624
eh 392 -28.218246293437733 -33.942333149304204
eh 393 -8.310417110554999 -42.73139501068306
eh 394 12.553474577817441 -40.63912353543981
eh 395 24.20587127509899 -34.19381150376198
eh 396 41.58591691915475 -14.52028475706285
eh 397 43.95122114408028 11.846900827073727
eh 398 30.478706586445135 39.53532449359309
eh 399 16.034401201946245 55.714927009658005
eh 400 -4.070256365931183 52.98340113993185
eh 401 -25.086883427929468 46.88965167211611
eh 402 4.27196118344369 64.14551035527653
eh 403 -5.8214543481197305 37.19238731371471
eh 404 -5.585338900985008 16.437328533038464
eh 405 8.872076814822586 20.831859463727884
eh 406 13.751346164974876 8.129886079047193
eh 407 15.593167731812988 -9.454538539427478
eh 408 -1.934940395181068 -13.556100741404299
eh 409 -20.66180246486971 -16.925241121599537
eh 410 -32.40292401542718 -18.99380919888295

poc 411 49.67664855984586 -99.17724419438429
poc 412 41.36528329930963 -87.32665819834399
poc 413 24.37981156701293 -51.36474674886887
poc 414 19.988987840057955 -12.172160278080774
poc 415 5.877626439990065 18.85986537220207
poc 416 -19.09114585760972 29.956058092415088
poc 417 -43.21955279671672 32.00683919340349
poc 418 -52.903127220447494 31.651237194179338
poc 419 -58.92050530779168 52.51465275777207
poc 420 -59.371248214990175 65.40527682112773
poc 421 -64.82462618202602 39.18457387707038

owtg-f2 422 -73.35346086313709 3.8525445429338006
owtg-f2 423 -67.11360378482718 6.196294372634853
owtg-f2 424 -61.41143567967453 3.1044817819046027
owtg-f2 425 -45.93178716121373 1.2001850452725327
owtg-f2 426 -49.000394339420396 -4.219736435911095
owtg-f2 427 -49.19222685360052 10.721668728432963
owtg-f2 428 -32.4986342907519 4.56932542546777
owtg-f2 429 -32.4986342907519 -3.3408302497732105

owtg-f1 430 -23.323416018851663 0.3212788591346483
owtg-f1 431 41.02304716848045 19.086916903299745
owtg-f1 432 37.29209141724559 -12.257251202892652

bt 433 -9.972127238746051 -32.118131912039
bt 434 -16.527065797761953 -38.70992830807315
bt 435 0.13946209539886886 -46.12041672611069
bt 436 20.489054838776312 -32.05791774790454
bt 437 28.73581587864735 -36.30596431423764
bt 438 40.503787373436545 -43.56558440901062
bt 439 53.08267115378118 -43.95095603659059
bt 440 32.91291531463402 -29.15603523660286
bt 441 33.013607593778566 -6.881371761645104
bt 442 52.92570483405199 18.606908402698934
bt 443 38.40943888848425 34.134251024468256
bt 444 34.64408492523758 23.73386115516994
bt 445 40.668444717514426 8.06003416904432
bt 446 28.01900698043659 11.136205820526916
bt 447 15.226287500686997 32.15332381320826
bt 448 -9.487937824060808 28.39786705064387
bt 449 -14.359347745875516 46.12247513775786
bt 450 32.71832384683857 30.219730637967302

gm 451 46.95929204647687 -68.217768404101
gm 452 20.76848597130408 -65.87401857439997
gm 453 24.28573493825408 -39.50683299026339
gm 454 22.72759329240082 -14.604489836309806
gm 455 30.701216784193566 20.862047401767374
gm 456 31.741388536019063 61.18466468421234
gm 457 27.930502569433653 45.65732206244303
gm 458 -15.172480239903917 44.19434010876048
gm 459 -50.792942296050924 37.54394821716186
gm 460 -57.53281294784286 19.334725002856196
gm 461 -42.779311885457645 -4.254229985558289
gm 462 -45.71644244861075 22.112955598578285
gm 463 -32.80943724305803 -23.58075975509894
gm 464 -26.902307147669383 -52.72614660725456
gm 465 -12.727468612277843 -41.235347646688
gm 466 -1.7003890839780755 -36.547847987285934
gm 467 -49.85778814272543 64.08691639240283
gm 468 -64.64958361306233 49.46777773648471
gm 469 -60.09933276352468 71.17226816164981
gm 470 33.11182689125472 -67.04589553283816
gm 471 22.315609106897224 -94.20286571302758
gm 472 -9.248106400887863 -84.36034811501017
gm 473 -45.6252749203472 -58.54980112292964
gm 474 -57.095291523883105 -52.14143330496641
gm 475 -65.70172403196392 -27.544731646716787
gm 476 -71.86171220086682 -26.519341096222576
gm 477 -65.81536292008549 -0.27831665213645446
gm 478 -68.77405269036977 23.188479552311335
gm 479 -58.141284689204696 -18.017569356731652

rt-f1 480 -58.76893555278899 10.854496252323598
rt-f1 481 -42.98425754971756 11.293949345392582
rt-f1 482 -47.51815950558026 -2.329096539744669
rt-f1 483 -47.79986190940694 -11.997515185016868
rt-f1 484 -35.055144662794525 -19.995113410055925
rt-f1 485 -16.30041493261732 -42.84667424964094
rt-f1 486 -0.3478891177293791 -44.604486621916706
rt-f1 487 -0.9337873722161215 -28.637690907078465
rt-f1 488 16.578682155442667 -32.24120624469895
rt-f1 489 15.311074940486291 -5.5810519318497525
rt-f1 490 17.837995284985457 11.411134333482714
rt-f1 491 -19.312480755274912 -19.028315928365824
rt-f1 492 -42.532537803709594 9.82910384982806
rt-f1 493 -22.975710708569512 11.357446876208979
rt-f1 494 7.39011405323338 41.82129218003558
rt-f1 495 32.71865310806175 26.147265514316487
rt-f1 496 40.839988289915404 49.47864955684168
rt-f1 497 8.890310619516875 41.568493881600716
rt-f1 498 -19.126317587698438 49.91810264991062
rt-f1 499 -36.0087834619721 46.68457385578302
rt-f1 500 47.89084051796932 27.993167776082007
rt-f1 501 50.47524877647416 39.12597946716186
rt-f1 502 54.684144264106756 12.639883197735736

rt-f2 503 47.43024573198835 -2.7409750596772846
rt-f2 504 59.87752460094334 13.989787896261554
rt-f2 505 57.51934201411673 4.907757306170067
rt-f2 506 56.48229175278564 -4.760210741346663
rt-f2 507 62.89152844963529 5.640179127951651
rt-f2 508 47.45684946270973 -23.159176293228597
rt-f2 509 40.74927436737935 -34.31647521203602

rs
f1 25
f2 25

txl 671-1200

csh 65

c
f1 65
f2 5

sn 75

es 20

aa 30

dc
f1 45
f2 45

arc 65

fg 40

ac
f1 35
f2 40

sw 70

p 1271-2000

tr
f1 15
f2 20
f3 15

gh
f1 25
f2 75
f3 3

de 45

acd
outside 20
box1 
side1 4
side2 3
side3 1
box2
side1 10
side2 5
side3 4
side4 6
side5 2

trd
f1 20
f2 8
f3
outside 45
box1
side1 8
side2 3
side3 3
side4 3
side5 3

box2
side1 12
side2 5
side3 6
side4 5
side5 3

box3
side1 7
side2 3
side3 10
side4 2

dp
f1 20
f2
outside 15
box1
side1 6
side2 5
side3 4
side4 5
side5 7
box2
side1 10
side2 6
side3 12
side4 12
box3
side1 6
side2 10
side3 7
side4 10
sandpit model 30

cstp
f1 12
f2 24

total: 1870