mcz 1 -70.74740263016822 -94.55565558374052
mcz 2 -64.2942791872429 -94.55565558374052
mcz 3 -58.107396461517496 -78.7353453827765
mcz 4 -50.01483859199183 -63.87631931700503
mcz 5 -56.96697240753365 -49.520852653167275
mcz 6 -63.225406014297754 -37.362651295019006
mcz 7 -69.68128040705591 -26.229840412859115
mcz 8 -64.82878745887089 -40.73404727339034
mcz 9 -64.9961464993084 -52.17791241894144
mcz 10 -60.72845164349634 -62.57830153253817
mcz 11 -66.14695139841352 -77.95915867236431
mcz 12 -51.33794436536024 -41.86948015395823
mcz 13 -43.09376706938617 -53.12361961274216
mcz 14 -60.27580567437094 -23.58032278556902
mcz 15 -50.21518112079308 -21.128232874760446
mcz 16 -28.213458738465764 -49.361571338027844
mcz 17 -11.148317506018495 -39.01611300132109
mcz 18 6.002144332050239 -21.958934880984216
mcz 19 50.25654659661474 -6.57807774115806
mcz 20 40.407891383994844 12.31840388777119
mcz 21 -5.73310595204416 13.348453335560848
mcz 22 -11.092665019937689 0.018377147711539088
mcz 23 -22.702344721821255 -0.12810720600109574
mcz 24 -54.247306262068626 -0.2563447579745671
mcz 25 -53.70940386486028 14.572247609527466
mcz 26 -31.340541760154856 16.351319584995355
mcz 27 -26.534892595255844 51.07177807071367
mcz 28 -37.908077881095856 40.494836890659826
mcz 29 -53.595754737056744 35.9538219255683
mcz 30 -54.879756822241056 54.55733484707233
mcz 31 -54.656093695240514 73.6596693981969
mcz 32 -66.51271241749289 100.0268530664703
mcz 33 -65.31737285787463 79.95849660783998
mcz 34 -60.672505996370916 63.55224899202545
mcz 35 -71.61723557817521 22.827039205172653
mcz 36 -63.74322801358173 35.57117797817147
mcz 37 -34.62002524559336 -17.922363384493742
mcz 38 28.94847286991002 -14.58251746318199

bz 39 78.97164812144206 30.432530503145625
bz 40 72.25380126165153 23.401281524939392
bz 41 76.59207137081702 23.69425023236466
bz 42 69.04811088845776 22.946779092507434
bz 43 62.741939831558234 24.5581069833464
bz 44 59.26658310070916 24.5581069833464
bz 45 55.229807581603204 46.091306979102974
bz 46 60.29860894330835 41.403807660298824
bz 47 52.46577333144651 18.25927977370328
bz 48 25.616350169907474 10.407715400414743
bz 49 74.79727379435792 -33.817835251680705
bz 50 78.52433401165 -23.563930491796626
bz 51 67.50460061211436 -26.347526992746552
bz 52 59.59559304769426 -26.86993414710808
bz 53 18.92718711923518 -14.2722797278219
bz 54 -5.757980823188924 -8.559389933029323
bz 55 -11.978304086947896 3.452327071406312
bz 56 5.94037966536252 11.801935233026235
bz 57 -24.06975537428634 11.801935233026235
bz 58 -26.716059354198002 -16.469545033511345
bz 59 -26.059957769134623 -1.2351722473978224
bz 60 -26.059957769134623 10.0441229884747
bz 61 -25.928291962997125 -10.317202177580882
bz 62 -12.550866081718116 -19.838685168901847
bz 63 -7.358710847119787 -27.89532462309648
bz 64 -11.060640227549234 -44.71100824523467
bz 65 6.083657268809208 -1.926266824560894
bz 66 -5.0312116560255316 -2.5122042394114135
bz 67 -33.38138324118061 -1.8676736706072596
bz 68 -62.10075755698096 -1.4219054604083683
bz 69 -72.54243498196197 -2.0082729400491073
bz 70 -75.40610051487295 0.6284454267782192
bz 71 -78.67397189102182 -1.568819878911223

stz-b1 72 -16.82212707688552 -131.82860827552494
stz-b1 73 -24.88981250780461 -135.4907171183407
stz-b1 74 -16.401015768455437 -114.54345453743461
stz-b1 75 -0.8511405913456743 -109.59438543887205
stz-b1 76 5.876776827151835 -99.63344938641322
stz-b1 77 -18.350478582608673 -98.04654022715337
stz-b1 78 -21.517253407538924 -81.6402926113388

stz-f1 79 -3.073322928569955 -79.2407195451009
stz-f1 80 -0.7896174018317504 -98.60595521863047
stz-f1 81 -4.009022879725082 -115.74462460300816
stz-f1 82 -26.979605504051538 -115.1293923354578
stz-f1 83 -22.620730066249493 -134.953816231782
stz-f1 84 -6.139189369167783 -69.33837766838944
stz-f1 85 5.41322221856619 -60.40283209191902
stz-f1 86 13.070111715265687 -57.18017631024115
stz-f1 87 22.134407630646226 -48.537599441195994
stz-f1 88 -27.889662697606028 -61.22314327210208
stz-f1 89 -36.90195256216199 -49.357910621379034
stz-f1 90 -46.899300996543026 -77.9223595953419
stz-f1 91 -30.825601679447637 -58.00048749042421
stz-f1 92 -43.9240813210752 -44.36576868045221
stz-f1 93 -48.48245313941082 -34.69780133541863
stz-f1 94 -5.7895311640109375 -46.42821894905451
stz-f1 95 -3.0148137283831424 -37.63915772629672
stz-f1 96 14.549465145785897 -28.117674734975765
stz-f1 97 1.963877491428259 -8.342286983770721
stz-f1 98 -18.26772739488158 -5.765053142555714
stz-f1 99 -26.12596139987684 -24.075597356634464
stz-f1 100 -15.30963921082523 -35.24404174054522
stz-f1 101 -14.602033340852175 7.8223582509680165
stz-f1 102 6.4767570111739685 2.3604397380080404
stz-f1 103 -9.288757059032994 14.372156742443735
stz-f1 104 -21.35992656936161 31.664167473246597
stz-f1 105 2.3799162963839606 34.38545163771432
stz-f1 106 -5.81252704551431 49.03388700897732
stz-f1 107 -6.750533394086928 62.49755932071367
stz-f1 108 -17.30503572798994 64.2623252798988
stz-f1 109 -29.888137668029646 63.82287221876091
stz-f1 110 -38.59098342167157 96.48888309667738
stz-f1 111 -42.95546975341066 118.17170929190613
stz-f1 112 -45.26881560092488 140.73029976365117
stz-f1 113 -52.65560299365254 134.5779569077207
stz-f1 114 -48.665919713409366 132.23420724831863
stz-f1 115 7.044107741741712 63.7573233065862
stz-f1 116 23.645780032909883 81.92138316695232
stz-f1 117 31.179514881978406 88.07372602288278
stz-f1 118 20.798483449162003 98.32763078276687
stz-f1 119 34.308276748293835 123.75732245509141

stz-f2 120 -49.733504274662685 -8.785397760038267
stz-f2 121 -43.770599043310554 -6.295163746923533
stz-f2 122 -42.325556086897535 3.079834890684775
stz-f2 123 -49.66718340954948 32.31811611939744
stz-f2 124 -42.712049174579505 45.0235641440585
stz-f2 125 -36.39476614577825 49.12512604801216
stz-f2 126 -36.618112577617936 60.85031091414791
stz-f2 127 -43.346632120657155 81.32642140318421
stz-f2 128 -31.115072230102957 51.00952253969636
stz-f2 129 -24.737343411069023 36.221675658087364
stz-f2 130 -6.581835248490021 40.581844693963525
stz-f2 131 -15.93183999706487 8.649904944002241
stz-f2 132 -18.728201849140827 -2.7758746455828747
stz-f2 133 -5.146822086739618 -13.766078882478928
stz-f2 134 -6.748981323358538 -27.701302096896523
stz-f2 135 -19.8328520148849 -38.54114427163114
stz-f2 136 -27.21294288566997 -34.87903542881539
stz-f2 137 13.33456738572088 -36.34056528948407
stz-f2 138 4.518507437799496 -7.127455078361003
stz-f2 139 -5.42959280072648 23.194806140153425
stz-f2 140 14.048255413276797 36.08542926686485
stz-f2 141 18.128917938433013 45.606912258185766
stz-f2 142 28.124877564231472 59.86084057071368
stz-f2 143 34.25986207375792 81.83349362760818
stz-f2 144 37.34795905396965 79.63622832191876

suz-f1 145 -28.380527770046346 -42.76611074485988
suz-f1 146 -16.77518115287947 -42.61962639114723
suz-f1 147 8.29257510326005 -36.467283535216765
suz-f1 148 26.23130299512427 -44.64319016675373
suz-f1 149 24.421724689047405 -63.30322367485065
suz-f1 150 -32.89073483099992 -43.61572188671157
suz-f1 151 -31.40248884561958 -64.27001576019242
suz-f1 152 -30.21991580619289 -95.266111213182
suz-f1 153 -4.101251208990275 -69.25335352154826
suz-f1 154 -3.662807525032602 -97.52483378808584
suz-f1 155 23.93924776235412 -97.23895447642865

suz-f2 156 -51.08499815272572 -137.12284346443627
suz-f2 157 -15.621715749619382 -137.45361031911247
suz-f2 158 1.8373082416398474 -137.450124030125
suz-f2 159 33.32683295263211 -137.59660838383766
suz-f2 160 45.1802062314945 -132.91664933347934
suz-f2 161 50.57693584978841 -137.1646955911456
suz-f2 162 60.2457907448562 -141.70571055623714
suz-f2 163 -4.156646657848262 -126.7766227705293
suz-f2 164 -3.572043982880993 -102.4602200542327
suz-f2 165 -20.68803378702937 -100.55556799238661
suz-f2 166 -22.594144219428063 -76.67861833722797
suz-f2 167 -14.291445394657629 -40.89111295874634
suz-f2 168 5.587353601912162 -43.111375891738554
suz-f2 169 -3.9221857140884926 -76.3633241845056
suz-f2 170 15.792759483278825 -54.83012418874899
suz-f2 171 35.98504350405247 -59.14306657335588
suz-f2 172 36.22174867666929 -70.71533051665362
suz-f2 173 36.58376003257473 -35.57590465753437
suz-f2 174 20.66148472315318 -16.457518059228377
suz-f2 175 6.753262575873671 -17.4829085352168
suz-f2 176 -15.459204087312829 -8.838043089937326
suz-f2 177 36.1508133013588 5.6616258653139715
suz-f2 178 49.21131629164389 31.589356472449513
suz-f2 179 49.59261138584697 50.48583810137879
suz-f2 180 42.48931423317444 37.595214974667364
suz-f2 181 29.510933191338246 53.26904082191875
suz-f2 182 25.21943882913178 38.03466803580525
suz-f2 183 6.404013700591847 37.44873151502424
suz-f2 184 -3.83365156722189 33.64013831849586
suz-f2 185 -8.574483533458856 45.4094520421801
suz-f2 186 -8.28468015440831 58.44655952260418
suz-f2 187 -7.999849693965187 83.64990273011576
suz-f2 188 -7.854765460905941 111.13037267220852
suz-f2 189 14.662866187730435 117.72216858927688
suz-f2 190 -5.089576173032891 128.12255770287362
suz-f2 191 10.80587664028224 137.35107198676926
suz-f2 192 -19.394163835798818 114.49543052449883
suz-f2 193 -42.57718570548216 115.21802711621608
suz-f2 194 -29.741924608027865 137.77661758796106
suz-f2 195 -8.729236236984082 138.0695862953864

scz-f1 196 -12.666243618627623 20.170897549816676
scz-f1 197 17.423151051049814 -3.266599044204135
scz-f1 198 -11.23318438389091 -19.086909245168176
scz-f1 199 -1.3447876705687505 7.280274423105252

scz-f2 200 -60.758489541238546 -48.68408060180312
scz-f2 201 -68.48479449058391 -51.906736383480975
scz-f2 202 -66.34870958519245 -23.781740470656015
scz-f2 203 -72.48368185026645 -22.023928226104456
scz-f2 204 -71.30170682355559 6.173407165512019
scz-f2 205 -73.13427446202083 -14.041433646830903
scz-f2 206 -74.40292866955916 5.733954104374136
scz-f2 207 -78.01803729852541 5.588247111716847
scz-f2 208 -79.68592784939263 7.053090648843114
scz-f2 209 74.2100741525006 9.982777723095731
scz-f2 210 -66.76604230554886 27.736682568129314
scz-f2 211 -62.130643178975156 49.2260724550914
scz-f2 212 -52.464097806432896 70.26122904568933
scz-f2 213 -45.86473495611927 77.45119872135278
scz-f2 214 -8.856759144666478 90.68364471792219
scz-f2 215 -3.6164027930746183 99.17973723325471
scz-f2 216 29.33349793920423 84.09667850179349
scz-f2 217 53.885764135730504 62.02272713835178
scz-f2 218 63.15334979892124 53.52663462301924
scz-f2 219 61.240984528571325 43.56569857056039
scz-f2 220 67.87614098405477 27.158442857958608
scz-f2 221 66.7463145418187 30.674067347061722
scz-f2 222 61.101559384830374 77.5490605351033
scz-f2 223 70.67140768359629 88.6818714172632
scz-f2 224 70.76814242039774 65.24437482324237
scz-f2 225 73.87415802920705 55.28343877078357
scz-f2 226 66.97656037583609 47.95922108515208
scz-f2 227 73.95532993888523 31.260004761912224
scz-f2 228 80.67581560865844 15.439694560948222
scz-f2 229 78.4557428803464 18.3693816352008
scz-f2 230 77.35141719456891 -5.068114958819993
scz-f2 231 74.2760563843116 -15.322019718704087
scz-f2 232 66.7463145418187 -13.271238766727263
scz-f2 233 63.67946000008667 -44.32592464888716
scz-f2 234 59.94847361227271 -36.41576954840514
scz-f2 235 56.07292584590573 -38.759519207807216
scz-f2 236 63.80906280749394 -66.88451512063216
scz-f2 237 59.206754966846255 -72.74388926913737
scz-f2 238 48.769311381018 -84.46263756614778
scz-f2 239 54.57298659470947 -40.517331452358775
scz-f2 240 50.290359357416 -59.85326614242592
scz-f2 241 34.97051192121751 -75.77045098563084
scz-f2 242 1.9192163150311672 -84.85248091581391
scz-f2 243 -46.678022884181495 -66.66930048386212

scz-f3 244 -5.723785496948087 109.27465004949038
scz-f3 245 -5.029844800053148 67.33886787508207
scz-f3 246 -3.86151631291665 29.545904617223524
scz-f3 247 -33.429147025640184 28.666998494947755
scz-f3 248 -4.146020386288655 20.663622283156606
scz-f3 249 23.304825907621577 29.452683505914415
scz-f3 250 39.47068669999833 6.594003554669833
scz-f3 251 25.485426836211843 -28.520498099073063
scz-f3 252 -34.835594306391016 -29.106435513923582
scz-f3 253 -47.78285493260105 5.179466177062949
scz-f3 254 -5.250149168242928 -61.608491664815524
scz-f3 255 -5.499096500243876 -92.33086639437879

ad-b1 256 -14.258613288836427 27.225110268342718
ad-b1 257 -14.517479085454221 -3.7525438422034516
ad-b1 258 4.509430079240833 -11.95566765011074
ad-b1 259 16.019936222637654 0.7884711228880682
ad-b1 260 17.365928529745283 31.003420462565394

ad-f1 261 76.23420729471125 -17.39501733545778
ad-f1 262 72.67745308138613 -1.2817384270684908
ad-f1 263 74.7838946619914 18.640137765024242
ad-f1 264 78.51418350387327 18.933106472449474
ad-f1 265 79.4111091328071 3.845218040048626
ad-f1 266 80.56974729681588 -12.865546731996186
ad-f1 267 82.2776877782422 9.024675521837594
ad-f1 268 74.86067993063352 38.76099932550148
ad-f1 269 69.67803256989934 32.90162517699629
ad-f1 270 70.9602204472919 8.438113991537374
ad-f1 271 62.23955248612224 21.790433992652165
ad-f1 272 64.69324987331771 -1.5512844858866173
ad-f1 273 38.97104472921715 -5.066940587349823
ad-f1 274 46.861128858514576 30.50537501381921
ad-f1 275 40.18097059259076 30.541997813751905
ad-f1 276 21.617856513235168 47.29248023778201
ad-f1 277 17.05809865129276 26.491702010588593
ad-f1 278 28.89023114276704 7.78541038811913
ad-f1 279 41.52869822969931 11.1579081841211
ad-f1 280 -0.7896167632712909 13.044439514831973
ad-f1 281 -19.805332652455036 43.889131738734676
ad-f1 282 -8.317351832072264 31.730930380586376
ad-f1 283 -20.63007704533378 16.05710453333499
ad-f1 284 3.07111735565815 -12.370482761027658
ad-f1 285 -39.072155770159576 0.5346676100578175
ad-f1 286 -53.17229401650389 2.5854485620346246
ad-f1 287 -27.392252495353276 40.140854662114776
ad-f1 288 -47.67432826515287 36.36474941777282
ad-f1 289 -63.94375086892429 46.754570887385746
ad-f1 290 -73.00507318757657 43.4838880630474
ad-f1 291 -75.99450698593908 67.36084065586317
ad-f1 292 -68.18975773905159 30.700586989617243
ad-f1 293 -68.93914987511049 12.243558421825853
ad-f1 294 -46.85925516519292 -7.58056474264203

osp 295 -6.983226377237837 147.0190420140115
osp 296 -5.527143939148856 115.52490596579604
osp 297 -6.894314612618865 100.67002099447517
osp 298 -27.19875686705631 85.55164641229702
osp 299 -51.85475249269456 68.1005897894499
osp 300 -28.84591669484901 63.64746444885197
osp 301 -16.824574178292753 66.28945650616122
osp 302 -1.9834233123767553 70.68398743685064
osp 303 25.90407377512007 56.762698302311335
osp 304 31.051717794167708 44.60449606073726
osp 305 25.243277384059013 11.333597718260032
osp 306 27.020169307959783 -14.787774496668751
osp 307 29.54754441996963 -44.34652025889781
osp 308 47.78330193417469 -65.00081563313813
osp 309 51.66316254115151 -75.25472113808013

bp 310 -45.203032790849136 -57.442221563827545
bp 311 -55.27105298317237 -49.82503461729921
bp 312 -50.14026820873863 -13.666988410055925
bp 313 -50.365057736312764 23.39355819885196
bp 314 -61.75993461239832 23.920902012714077
bp 315 -66.18585709675564 48.560322500916755
bp 316 -69.64834199665479 59.83961855635295
bp 317 -53.490515382019986 45.92360394250311
bp 318 -57.70636481991799 54.27321271081301
bp 319 -62.71516566630779 75.21586436719988
bp 320 -69.33954515723728 72.4326614444299
bp 321 -50.64472127702597 30.98161180714803
bp 322 -45.972684101786136 41.52848604080268
bp 323 -30.62652846567766 41.733401331518166
bp 324 9.158547299838416 49.87793375232361
bp 325 24.098666205541292 49.37988663251884
bp 326 3.1146697917310355 19.459259474199953
bp 327 36.095419228243955 32.784318031527384
bp 328 57.9644872813642 25.4509114899527
bp 329 66.5100964783394 26.913264754865327
bp 330 73.65214547238018 61.743166115667
bp 331 77.80447105339722 17.416995890438304
bp 332 79.01475846128412 -2.3547019588492017
bp 333 80.68862231482882 12.000765748069592

sgrz 334 -80.19892392922979 -3.120113218469576
sgrz 335 -77.89755247805986 10.942385759736617
sgrz 336 -73.87411061893806 -17.065425803619053
sgrz 337 -61.67664890305444 -4.321285274412223
sgrz 338 -63.035683076386796 13.549807177058108
sgrz 339 -59.041284828504054 19.73144781270181
sgrz 340 -54.70851756097305 -4.204098051148045
sgrz 341 -70.71977640149618 -28.579097965998574
sgrz 342 -69.95088393544734 -49.73144180114805
sgrz 343 -57.62655779513396 -51.04980108035488
sgrz 344 -58.07862681052523 -117.93456718432076
sgrz 345 -35.36631872081282 -2.7392543437228016
sgrz 346 -15.69597118151624 -2.1790385403962813
sgrz 347 0.9653327535630253 110.46387078400144
sgrz 348 0.5182342031363864 94.4857277603634
sgrz 349 1.0573225328189182 34.24052236212589
sgrz 350 1.6430947474745037 26.47685105124123
sgrz 351 -3.5148208232723035 -67.9816650661119
sgrz 352 27.61768484593428 -77.68990132664534
sgrz 353 0.18085938443472693 -78.5727992955431
sgrz 354 0.7113678688843901 -101.33558769409669

cofe 355 64.282143820036 28.87207434539258
cofe 356 73.01361991630147 29.165043074105185
cofe 357 76.05110498694229 52.74902573547177
cofe 358 75.40111370371962 64.17480615526426
cofe 359 64.66091012478424 57.72949412358647
cofe 360 60.4055226388234 57.146440185951256
cofe 361 62.96789593406881 8.1884806166799
cofe 362 60.958199485000925 -6.342770128378091
cofe 363 50.75409601564895 -13.374019617481167
cofe 364 17.055429464108954 -10.825190502618415
cofe 365 22.754612431836787 -39.38964410658424
cofe 366 43.833502779873406 6.870120826576188
cofe 367 49.742447498957546 29.428729364449225
cofe 368 35.31620962434722 38.686526501817156
cofe 369 22.778155069921585 43.52303867667518
cofe 370 22.372375758081848 26.384368046986438
cofe 371 26.767141416592597 16.130462542044423
cofe 372 25.71606470244002 9.245697417297649
cofe 373 -75.15581146202386 39.23893377537684
cofe 374 -77.66162020052197 38.21354322488262
cofe 375 -76.31037129496846 -8.661453369137938
cofe 376 -78.68214810485526 -27.524410146687995
cofe 377 -81.5966161949621 -39.37125123304662
cofe 378 -80.50414765654304 -43.76578216373604
cofe 379 -80.49283901006773 -63.13931360729115
cofe 380 -78.64083514651735 -67.68032890233688
cofe 381 -73.2440098707057 -81.66503482737738
cofe 382 -73.2440098707057 -61.1572238174934
cofe 383 -72.98875517083549 -50.90331831255143
cofe 384 -73.14235724815097 -38.36425483333233
cofe 385 -70.95060027685497 -13.110348923930307
cofe 386 -60.65952208860219 -13.110348923930307
cofe 387 -51.804829318942375 -13.247805969919499
cofe 388 -39.387768549683656 -11.974309769215587
cofe 389 -33.25671153579325 -7.8727475672388065

eh 390 -50.76835956485933 -55.882213522592245
eh 391 -37.81347276886775 -34.54100941121624
eh 392 -28.218246293437733 -33.942333149304204
eh 393 -8.310417110554999 -42.73139501068306
eh 394 12.553474577817441 -40.63912353543981
eh 395 24.20587127509899 -34.19381150376198
eh 396 41.58591691915475 -14.52028475706285
eh 397 43.95122114408028 11.846900827073727
eh 398 30.478706586445135 39.53532449359309
eh 399 16.034401201946245 55.714927009658005
eh 400 -4.070256365931183 52.98340113993185
eh 401 -25.086883427929468 46.88965167211611
eh 402 4.27196118344369 64.14551035527653
eh 403 -5.8214543481197305 37.19238731371471
eh 404 -5.585338900985008 16.437328533038464
eh 405 8.872076814822586 20.831859463727884
eh 406 13.751346164974876 8.129886079047193
eh 407 15.593167731812988 -9.454538539427478
eh 408 -1.934940395181068 -13.556100741404299
eh 409 -20.66180246486971 -16.925241121599537
eh 410 -32.40292401542718 -18.99380919888295

poc 411 49.67664855984586 -99.17724419438429
poc 412 41.36528329930963 -87.32665819834399
poc 413 24.37981156701293 -51.36474674886887
poc 414 19.988987840057955 -12.172160278080774
poc 415 5.877626439990065 18.85986537220207
poc 416 -19.09114585760972 29.956058092415088
poc 417 -43.21955279671672 32.00683919340349
poc 418 -52.903127220447494 31.651237194179338
poc 419 -58.92050530779168 52.51465275777207
poc 420 -59.371248214990175 65.40527682112773
poc 421 -64.82462618202602 39.18457387707038

owtg-f2 422 -73.35346086313709 3.8525445429338006
owtg-f2 423 -67.11360378482718 6.196294372634853
owtg-f2 424 -61.41143567967453 3.1044817819046027
owtg-f2 425 -45.93178716121373 1.2001850452725327
owtg-f2 426 -49.000394339420396 -4.219736435911095
owtg-f2 427 -49.19222685360052 10.721668728432963
owtg-f2 428 -32.4986342907519 4.56932542546777
owtg-f2 429 -32.4986342907519 -3.3408302497732105

owtg-f1 430 -23.323416018851663 0.3212788591346483
owtg-f1 431 41.02304716848045 19.086916903299745
owtg-f1 432 37.29209141724559 -12.257251202892652

bt 433 -9.972127238746051 -32.118131912039
bt 434 -16.527065797761953 -38.70992830807315
bt 435 0.13946209539886886 -46.12041672611069
bt 436 20.489054838776312 -32.05791774790454
bt 437 28.73581587864735 -36.30596431423764
bt 438 40.503787373436545 -43.56558440901062
bt 439 53.08267115378118 -43.95095603659059
bt 440 32.91291531463402 -29.15603523660286
bt 441 33.013607593778566 -6.881371761645104
bt 442 52.92570483405199 18.606908402698934
bt 443 38.40943888848425 34.134251024468256
bt 444 34.64408492523758 23.73386115516994
bt 445 40.668444717514426 8.06003416904432
bt 446 28.01900698043659 11.136205820526916
bt 447 15.226287500686997 32.15332381320826
bt 448 -9.487937824060808 28.39786705064387
bt 449 -14.359347745875516 46.12247513775786
bt 450 32.71832384683857 30.219730637967302

gm 451 46.95929204647687 -68.217768404101
gm 452 20.76848597130408 -65.87401857439997
gm 453 24.28573493825408 -39.50683299026339
gm 454 22.72759329240082 -14.604489836309806
gm 455 30.701216784193566 20.862047401767374
gm 456 31.741388536019063 61.18466468421234
gm 457 27.930502569433653 45.65732206244303
gm 458 -15.172480239903917 44.19434010876048
gm 459 -50.792942296050924 37.54394821716186
gm 460 -57.53281294784286 19.334725002856196
gm 461 -42.779311885457645 -4.254229985558289
gm 462 -45.71644244861075 22.112955598578285
gm 463 -32.80943724305803 -23.58075975509894
gm 464 -26.902307147669383 -52.72614660725456
gm 465 -12.727468612277843 -41.235347646688
gm 466 -1.7003890839780755 -36.547847987285934
gm 467 -49.85778814272543 64.08691639240283
gm 468 -64.64958361306233 49.46777773648471
gm 469 -60.09933276352468 71.17226816164981
gm 470 33.11182689125472 -67.04589553283816
gm 471 22.315609106897224 -94.20286571302758
gm 472 -9.248106400887863 -84.36034811501017
gm 473 -45.6252749203472 -58.54980112292964
gm 474 -57.095291523883105 -52.14143330496641
gm 475 -65.70172403196392 -27.544731646716787
gm 476 -71.86171220086682 -26.519341096222576
gm 477 -65.81536292008549 -0.27831665213645446
gm 478 -68.77405269036977 23.188479552311335
gm 479 -58.141284689204696 -18.017569356731652

rt-f1 480 -58.76893555278899 10.854496252323598
rt-f1 481 -42.98425754971756 11.293949345392582
rt-f1 482 -47.51815950558026 -2.329096539744669
rt-f1 483 -47.79986190940694 -11.997515185016868
rt-f1 484 -35.055144662794525 -19.995113410055925
rt-f1 485 -16.30041493261732 -42.84667424964094
rt-f1 486 -0.3478891177293791 -44.604486621916706
rt-f1 487 -0.9337873722161215 -28.637690907078465
rt-f1 488 16.578682155442667 -32.24120624469895
rt-f1 489 15.311074940486291 -5.5810519318497525
rt-f1 490 17.837995284985457 11.411134333482714
rt-f1 491 -19.312480755274912 -19.028315928365824
rt-f1 492 -42.532537803709594 9.82910384982806
rt-f1 493 -22.975710708569512 11.357446876208979
rt-f1 494 7.39011405323338 41.82129218003558
rt-f1 495 32.71865310806175 26.147265514316487
rt-f1 496 40.839988289915404 49.47864955684168
rt-f1 497 8.890310619516875 41.568493881600716
rt-f1 498 -19.126317587698438 49.91810264991062
rt-f1 499 -36.0087834619721 46.68457385578302
rt-f1 500 47.89084051796932 27.993167776082007
rt-f1 501 50.47524877647416 39.12597946716186
rt-f1 502 54.684144264106756 12.639883197735736

rt-f2 503 47.43024573198835 -2.7409750596772846
rt-f2 504 59.87752460094334 13.989787896261554
rt-f2 505 57.51934201411673 4.907757306170067
rt-f2 506 56.48229175278564 -4.760210741346663
rt-f2 507 62.89152844963529 5.640179127951651
rt-f2 508 47.45684946270973 -23.159176293228597
rt-f2 509 40.74927436737935 -34.31647521203602

rs-f1 510 -30.197008886204127 -71.79198743083683
rs-f1 511 -25.801167972846176 -82.92479912191672
rs-f1 512 -12.555948773662678 -82.33886166449146
rs-f1 513 -20.764347191961647 -48.36843752301787
rs-f1 514 11.865962933790156 -37.95409849818286
rs-f1 515 12.981765463840556 -69.33105095263068
rs-f1 516 -8.625172553608229 -33.669432354292795
rs-f1 517 -8.480317227244921 -27.59033123350576
rs-f1 518 -6.806419034924078 -11.605861302960504
rs-f1 519 -9.710455070942768 5.317384737942766
rs-f1 520 -9.42156045337939 20.698242995355788
rs-f1 521 -9.27702198019858 37.83691362504453
rs-f1 522 1.7268353892443336 45.77636912358647
rs-f1 523 19.365091356883724 26.87988612162192
rs-f1 524 23.991647446093296 74.45801020626494
rs-f1 525 19.36509238111855 61.71387050726562
rs-f1 526 6.837761681806852 47.065434071634186
rs-f1 527 -9.56603888877149 54.741215491933175
rs-f1 528 -20.167304699755864 68.07129264835774
rs-f1 529 -11.151051267506277 56.791996592921535

rs-f2 530 64.59753700952879 -6.416005707213569
rs-f2 531 62.5791986504096 -18.99901744616928
rs-f2 532 57.937429874582456 -7.86620575508942
rs-f2 533 44.69368390883083 0.776371741933124
rs-f2 534 43.53690283443758 12.202152161725621
rs-f2 535 46.53773677681001 -14.897455244192498
rs-f2 536 45.909409132923294 -32.21191146650502
rs-f2 537 34.30597298812967 -31.625974009079783
rs-f2 538 29.644100094074208 -20.515961915991607
rs-f2 539 29.644100094074208 -0.00815090610762237
rs-f2 540 13.489745974050823 0.581224000258831
rs-f2 541 -12.675650969852697 -1.952602768836163
rs-f2 542 -34.8023579065238 -0.1098611850159337
rs-f2 543 -44.83040572658462 5.23681814596043
rs-f2 544 -49.332603993690306 2.6309929952292066
rs-f2 545 -58.232825503260635 5.5004897655119676
rs-f2 546 -66.05400424084628 7.917482192494921
rs-f2 547 -67.48641460882702 25.43701319769012
rs-f2 548 -70.70502663156476 4.88525564596043
rs-f2 549 -71.65005629273875 -18.2006817476027
rs-f2 550 -56.929378040914244 23.18115396105805
rs-f2 551 -55.90671405851033 36.86200295996132
rs-f2 552 -63.561914920815184 52.595216290759105
rs-f2 553 -37.509271546845994 0.004345993379493152

csh 554 66.46079945146077 77.85117931527643
csh 555 56.17534639486674 77.97788698823712
csh 556 43.84142631418388 85.44858902758128
csh 557 43.83489959086348 61.356242460301885
csh 558 43.70778634981906 42.759921140833605
csh 559 43.58508261664928 16.40343687106291
csh 560 43.05221486268133 14.059687211660796
csh 561 44.02540837052604 -26.915587277417906
csh 562 44.34054679213797 -47.657775799211656
csh 563 62.779362113022344 -70.16667120231311
csh 564 54.74153194509961 -69.87781886512738
csh 565 44.86105742779859 -70.02430321883999
csh 566 33.79088227954049 -64.44486274479681
csh 567 18.1776601142965 -71.19004972957929
csh 568 21.074731048867523 -97.11778033671479
csh 569 25.11591264896219 -82.4693449654518
csh 570 32.86843709377043 -48.94683591502622
csh 571 35.19887399647429 -21.05621172394627
csh 572 54.154257477443274 -2.5593551169151922
csh 573 26.16982076943025 3.641053709467386
csh 574 24.58168169198107 25.467222412649274
csh 575 24.58182351999385 49.20149321536729
csh 576 22.430551009306768 61.25911337683281
csh 577 14.943961121075587 70.4876276607285
csh 578 31.6775888464075 54.66731745976447
csh 579 31.67948363332134 9.441838024848696
csh 580 9.739285021742045 64.84222688299698
csh 581 -15.452356322225363 65.02104870725466
csh 582 1.7881900300213156 93.87846638864274
csh 583 -17.419223682101737 83.03862421390812
csh 584 -16.71906938017207 92.56010720522909
csh 585 -23.900381135158316 65.30421337530919
csh 586 -33.83288372781048 62.713007637282
csh 587 -41.988928014392826 53.5002143547337
csh 588 -37.9956218170904 36.49337787440576
csh 589 -37.20645192828404 44.91622936239997
csh 590 -44.9890955016217 36.902994142354785
csh 591 -51.98715170825162 23.056904761707163
csh 592 -51.75381550808836 63.197478851503085
csh 593 -49.60077270847157 14.198456212279444
csh 594 -36.137320671427545 1.4250189464405196
csh 595 -14.452150985714422 -2.099576270485213
csh 596 18.60330398203283 -2.8663194645116956
csh 597 18.742077794977746 -42.417094966921795
csh 598 1.0138749147774748 -45.21749279449637
csh 599 -19.718780426229536 -44.92165527977885
csh 600 -36.05391023183954 -45.13824169670408
csh 601 -44.88084963391537 -62.423398627899935
csh 602 -52.731026549252775 -45.314023713049416
csh 603 -59.41457728552769 -58.204652842799206
csh 604 -65.79065276805967 -47.20104849550441
csh 605 -64.56090968320143 -21.273317888368908
csh 606 -69.56512947904488 -12.191287958185848

c-f2 607 78.65363567269547 36.16546211417129
c-f2 608 72.253372914827 35.70341710473172
c-f2 609 64.50009367345781 33.79326616782311
c-f2 610 64.15445405657118 15.68118978667723
c-f2 611 60.246926232495014 1.8080225297555554
c-f2 612 42.04542374524691 -0.670211726900225
c-f2 613 53.49801650968162 -16.05106886672636

c-f1 614 28.60245687562667 19.837598942385952
c-f1 615 41.71824130546372 18.519239758972297
c-f1 616 53.14803645566191 28.04072275029322
c-f1 617 62.69965615732945 32.91659573523024
c-f1 618 63.10764980233526 53.88214901247452
c-f1 619 63.50248263032666 70.72784968942699
c-f1 620 55.129579027280556 74.4107078909646
c-f1 621 44.90428343378458 79.21776356251956
c-f1 622 46.64103254855587 96.20994859318465
c-f1 623 39.68696803897955 101.36406030203224
c-f1 624 37.156540157967605 74.3788934015813
c-f1 625 36.78906710071499 56.84077968106591
c-f1 626 28.97410532059742 0.9750399790433485
c-f1 627 50.97429238513984 -33.20547650154703
c-f1 628 50.78945250829881 -48.43984928766055
c-f1 629 32.483893229037484 -42.90491584541745
c-f1 630 13.024630238092957 -39.242807002601694
c-f1 631 33.41907374033222 -68.97500960890514
c-f1 632 34.02824177508508 -92.55899055663855
c-f1 633 7.538769612165234 -84.76805473843577
c-f1 634 0.9974145740325697 -29.31793226208537
c-f1 635 -3.6874860985821654 -24.337464235855947
c-f1 636 -11.234531613289812 -17.306215257649693
c-f1 637 -27.8690830898806 -15.250920903614272
c-f1 638 -27.098454390866877 -5.503836378577317
c-f1 639 -22.03833389424323 -7.11516426941626
c-f1 640 -23.3895280803703 27.015690145626536
c-f1 641 -31.576718004325954 22.671952166478306
c-f1 642 -49.09458548902083 45.51139963546912
c-f1 643 -30.01722804083183 41.32194448816897
c-f1 644 13.754056843351787 44.480896224799935
c-f1 645 18.952615831614875 22.654727521618085
c-f1 646 -46.85924896427214 22.713320292399047
c-f1 647 -46.85924896427214 -15.226127319172116
c-f1 648 -55.8745367633664 -7.023003511264846
c-f1 649 -68.77304177336732 -12.2378422374455
c-f1 650 -69.95996828577884 -18.683153800801232
c-f1 651 -70.74785493958612 -22.931200058467482
c-f1 652 -71.55230550782849 -18.09721638595069
c-f1 653 -77.11129969500003 -11.798326143122502
c-f1 654 -72.25874945220404 -33.665630671759224
c-f1 655 -69.73436094533281 -36.009380331161324
c-f1 656 -71.89225959979018 -62.24761788879682
c-f1 657 -76.00159517346638 -56.974181155142126
c-f1 658 -78.97359928643199 -43.058211135647284
c-f1 659 -81.45057367274833 -41.00743018367045
c-f1 660 -81.55877196805046 -47.59922610073881
c-f1 661 -80.50985252602008 -29.581650594085318
c-f1 662 -80.58203527677404 -6.583607061202408
c-f1 663 -81.77110671628719 7.185922187784803
c-f1 664 -83.88309820190244 7.918343956347959
c-f1 665 -80.78388478397085 34.373475180007354
c-f1 666 -80.76039439431135 56.785581298039745
c-f1 667 -77.81066874306416 42.72308334162727

sn 668 59.19285303992918 68.82904166888895
sn 669 55.92535333319112 46.76605183617885
sn 670 54.58983485264887 13.660587897124465
sn 671 48.303597212013635 30.213319866651656
sn 672 46.9211924138573 49.9887076178567
sn 673 43.62381534664393 45.154723945339896
sn 674 46.21626728854508 65.2230804039702
sn 675 10.724864156306747 78.1378426942208
sn 676 9.715757676391156 65.68667262864722
sn 677 10.724864156306747 44.006988279177975
sn 678 18.096623914988953 51.62417467223475
sn 679 31.858447189784354 30.530427737616055
sn 680 29.464647470039754 52.21011208708529
sn 681 27.53378402410529 28.186678078213983
sn 682 24.794628876495924 10.760194781502156
sn 683 29.357838246081403 -1.105037869220864
sn 684 36.00874385088353 -4.91363106574923
sn 685 49.95209933895599 -11.798395690242845
sn 686 40.603870872494774 -25.860893646655327
sn 687 36.363429656149115 -39.86480470760096
sn 688 25.959279183271793 -21.554260365798
sn 689 26.48491388854232 -37.08160185933677
sn 690 42.661902389804084 -28.585509344004237
sn 691 54.214663480209715 -7.9019151256820965
sn 692 54.38562189307303 -23.136287911795613
sn 693 49.89551893164252 -26.798397776405114
sn 694 65.25728050763186 -36.730039870233654
sn 695 60.60202583026898 -36.583555516521024
sn 696 52.97061858045689 -48.76276549860037
sn 697 29.59410249018251 -49.20177617989207
sn 698 6.531289658201513 -49.41159137662566
sn 699 18.24101067429956 -64.2065111016013
sn 700 30.222286780839518 -41.271054835325174
sn 701 29.737905111173788 -65.02432898680367
sn 702 18.11687620118023 -80.11221741920457
sn 703 35.31848666671694 -90.92925776873886
sn 704 43.539149650137674 -60.08285301739765
sn 705 43.645243212132236 -52.90511968547879
sn 706 15.483238719123676 -90.60699242047467
sn 707 16.04713244028794 -74.78668221951062
sn 708 -0.5845524502396884 -82.25738425885476
sn 709 -15.056648796539063 -87.53082099250943
sn 710 -5.712189641250221 -59.277117454896334
sn 711 -21.324851206252298 -55.17555555094268
sn 712 -15.010584913066019 -42.20453375426176
sn 713 -25.39431976704655 -30.165904840346247
sn 714 -35.77384823991924 -26.357311643817866
sn 715 -35.30485234508503 -42.81326206939841
sn 716 -13.008761045292884 -7.957145032992507
sn 717 -35.84045179613695 -62.89214539221968
sn 718 -41.36105227378279 -62.45803143351966
sn 719 -59.07494836574627 -70.80763959513956
sn 720 -40.67440992249168 -91.13960402366412
sn 721 -65.01955103224708 -72.29984202345318
sn 722 -65.81173378033255 -42.56351821978929
sn 723 -54.49975605291164 -42.27054951236404
sn 724 -66.05069653217623 -25.424848835411574
sn 725 -59.96833262610522 -16.096435838546306
sn 726 -29.24787306497592 -9.311176007870246
sn 727 -37.317577388315954 -6.9674263484681696
sn 728 -46.95511073223509 -5.356098457629227
sn 729 -38.70248790975578 28.335302896275646
sn 730 -43.23437080387577 43.7161600361018
sn 731 -53.38309683937529 37.611212079492724
sn 732 -62.363020947141926 37.46472772578007
sn 733 -59.592987284406064 -4.239803217485057
sn 734 -62.56572462399492 33.99261310151139
sn 735 -59.23915199770747 -92.83355296203662
sn 736 -70.29637515047125 -86.51964165437047
sn 737 -70.20945073699312 -112.69683766059056
sn 738 -71.69086115214031 -127.78472609299145

es 739 -80.83535513840697 -24.542541488073773
es 740 -80.74214492337612 16.770778399022234
es 741 -72.41821546753657 31.58940971430824
es 742 -76.27246288547829 48.58159474497331
es 743 -70.45480049716286 112.69226337091163
es 744 -69.55331496903479 88.66882936204031
es 745 -60.351639752401915 52.32893482513491
es 746 -32.39117734161005 45.00471713950345
es 747 4.682369153079911 48.25394985655531
es 748 34.7609847325267 31.002919418938774
es 749 16.321557366719535 7.673979489616205
es 750 -10.16919497956327 -41.19400631641389
es 751 -58.397824308957205 -62.22134313635788
es 752 -67.94986374967999 -40.54165878688865
es 753 40.44885585583221 -53.772544403720865
es 754 49.57777997316639 -80.26349530528711
es 755 47.93756686056112 -1.529861394326693
es 756 48.125213043844596 40.98059696503274
es 757 48.71043140497898 93.23120392035459
es 758 36.24444050573093 132.7819794227647
es 759 47.537121731262275 49.28589780656563
es 760 67.06675986039275 10.599872257251121

aa 761 -42.85553009458149 -62.69580378273391
aa 762 -47.498368293233625 -47.60791425403356
aa 763 -36.66955655207752 -31.49463417483897
aa 764 -28.53752113801054 -38.23291493522945
aa 765 -34.04169744653475 -23.291509770885394
aa 766 -12.040708458370817 -37.500491900067686
aa 767 -1.2769778667493197 -55.82477981074957
aa 768 22.21321610914081 -49.541507493136635
aa 769 18.36708162908676 -30.645024491172094
aa 770 -3.57331729386976 -29.180180847608966
aa 771 10.716791405175545 -31.23096194859736
aa 772 15.142745605995398 -14.159443050701741
aa 773 12.725994768412045 -5.077412460610253
aa 774 -9.28633283092572 0.7853714262122137
aa 775 -20.72516510902252 -8.882596621304536
aa 776 -8.379588105031583 34.77489924647293
aa 777 -16.10347850102071 44.44286729398966
aa 778 -7.944587587869934 47.07958585240331
aa 779 -7.073227100394913 73.88622452960882
aa 780 -22.324288093818687 79.30614601079243
aa 781 9.131785464439735 61.58049803292585
aa 782 23.430356036741323 52.79143617154701
aa 783 10.574967684793398 30.965236250402626
aa 784 22.78162675809181 31.903805155874988
aa 785 46.356059723042854 25.10692864447161
aa 786 46.85922140503024 5.624508185081809
aa 787 44.295841230767266 -15.767508990330182
aa 788 58.951181232768775 -28.753661238103476
aa 789 58.723779567890574 -13.519287345046795
aa 790 59.10654502787285 17.043122326800315
aa 791 58.57600929984047 -1.2674232177389613

dc-f1 792 1.4173208532882824 71.95263256774803
dc-f1 793 26.362545649837294 72.09911693210437
dc-f1 794 44.78630308191292 73.41782751346119
dc-f1 795 54.93391436720722 80.88853009563326
dc-f1 796 57.07789291571988 105.78317450568954
dc-f1 797 51.89607109369755 103.1464559472759
dc-f1 798 30.699690565041692 106.20067994300123
dc-f1 799 69.09943348189798 69.22802405488659
dc-f1 800 72.9583107837519 75.24967954009409
dc-f1 801 54.546572614129026 42.78874365793433
dc-f1 802 54.546572614129026 56.265305178715245
dc-f1 803 35.08479110138847 35.163914889129806
dc-f1 804 24.877120691043075 25.248985587642718
dc-f1 805 11.579105735770465 11.688961661323447
dc-f1 806 66.27807410242538 34.97997680735758
dc-f1 807 71.29094264312411 28.095211682610806
dc-f1 808 75.48212086637946 13.153805432610806
dc-f1 809 79.64787658189687 -27.530299050124288
dc-f1 810 78.51110719673053 -38.37014201249154
dc-f1 811 80.60178790981186 -36.90529836892841
dc-f1 812 79.6869301982385 -54.63913485990687
dc-f1 813 75.90915896812994 -81.00632044404341
dc-f1 814 72.93000943911342 -80.49326142170169
dc-f1 815 72.22190674552287 -96.47157634075666
dc-f1 816 77.08770122936858 -96.38685850064876
dc-f1 817 82.56699700310757 -109.04346045848136
dc-f1 818 79.67643517837836 -129.69775672679128
dc-f1 819 70.15504721624161 -105.05883992355125
dc-f1 820 64.76103238474137 -109.65869499313666
dc-f1 821 64.98357826127791 -132.96372806244872
dc-f1 822 41.901221944483076 -133.27197556194074
dc-f1 823 54.247281096294365 -106.31885252037894
dc-f1 824 60.470960341189766 -80.97705748673658
dc-f1 825 47.615082432551326 -80.83057312238027
dc-f1 826 32.59499637646136 -108.92627253273393
dc-f1 827 19.641252134403818 -92.66650776987247
dc-f1 828 3.4827634184907783 -79.68799241096463
dc-f1 829 22.375856680388043 -77.93018003868885
dc-f1 830 4.5056496797426595 -96.82666304065339
dc-f1 831 -20.16730499948949 -121.34814731986023
dc-f1 832 -0.850997192274959 -73.77002202183701
dc-f1 833 -8.147647084139537 -53.262211011953006
dc-f1 834 -8.147647084139537 -31.289556358505898

dc-f2 835 -82.41219459928051 -76.13140301942849
dc-f2 836 -82.44895035086338 -43.91650742927452
dc-f2 837 -82.27371470285833 -27.656742985723636
dc-f2 838 -82.35209078808937 -8.174322526333855
dc-f2 839 -76.48979978613384 -37.822757450561895
dc-f2 840 -75.2178359917032 6.349877317543161
dc-f2 841 -74.33306167974514 -35.34640473569951
dc-f2 842 -72.67033691180546 -64.21970126474082
dc-f2 843 -73.84176059105386 -94.11218759903079
dc-f2 844 -65.45311044847314 -74.92273586835361
dc-f2 845 -57.91617484778308 -70.2362754248624
dc-f2 846 -57.73463864579737 -91.58707284703142
dc-f2 847 -57.458011542154956 -116.44088272593909
dc-f2 848 -54.17154417369454 -48.04479198586634
dc-f2 849 -61.544076150006866 -25.486199874993936
dc-f2 850 -45.85019774707806 -37.11963270601036
dc-f2 851 -28.86342461407539 -37.26564762483499
dc-f2 852 -1.729670930569462 -37.11963251442401
dc-f2 853 17.899127129773998 -37.26627346717484
dc-f2 854 37.88969206919955 -37.40159502178045
dc-f2 855 48.134648939498035 -40.47776667326304
dc-f2 856 53.05983410085515 -26.795316660776766
dc-f2 857 60.131400264699415 -32.21523814196038
dc-f2 858 44.39478171240383 -53.2146003863311
dc-f2 859 62.930021683986894 -53.35868162754749
dc-f2 860 54.62482669681746 -14.393840708767891
dc-f2 861 -56.80165410177521 2.8998992890476765
dc-f2 862 -56.72136236084923 23.847163392000603
dc-f2 863 -43.68867855972376 40.32342417905753
dc-f2 864 -64.33417841761137 38.87646093755278
dc-f2 865 -65.02095857924328 63.53290440476834
dc-f2 866 -47.044182021915816 61.60888033441354
dc-f2 867 -58.557942928162404 62.48778652055143
dc-f2 868 -53.316879640576 52.819818473034694
dc-f2 869 -62.24337718764672 52.673334108678354
dc-f2 870 -47.73834504534864 83.72801935221699
dc-f2 871 -63.66311677934643 87.74798191979305
dc-f2 872 -56.70123481987786 131.83977559104358

arc 873 -23.75312863060275 -119.7368191203544
arc 874 2.2448878285696576 -120.63218129054523
arc 875 15.528357773782243 -120.92515001925786
arc 876 15.736456852711031 -103.28991097853849
arc 877 15.736456852711031 -90.54577127953914
arc 878 16.01824858993716 -78.38756747334325
arc 879 8.291833382934676 -71.35631798424018
arc 880 23.59323754225821 -65.35020878638704
arc 881 15.42739253141237 -43.18924141010255
arc 882 -12.412926486984876 -44.678226456010364
arc 883 -27.892666942377858 -44.53170825466881
arc 884 -38.99450152659998 -41.43048920965111
arc 885 -38.670852278553696 -62.950418255608945
arc 886 -42.88367364821691 -67.34494918629838
arc 887 -58.2177718746149 -67.3247100540213
arc 888 -68.11755210376135 -68.26220994758444
arc 889 -68.76344338935596 -60.498538636699784
arc 890 -68.0081022339312 -53.32080478324038
arc 891 -63.83483551858559 -41.1626025416663
arc 892 -77.61813156055526 -37.64683266727428
arc 893 29.79885453500907 -34.118810589187106
arc 894 44.328579904130855 -47.87133939136696
arc 895 43.69649048213417 -33.07641859137922
arc 896 57.68023786882041 -41.8361959089834
arc 897 71.11654073786079 -46.479738025775156
arc 898 70.04535576641818 -47.871339487160135
arc 899 62.5522033521181 -61.49463242927452
arc 900 59.79647998784455 -79.1086699421373
arc 901 54.19589606425224 -74.35596056491819
arc 902 44.610318107412276 -61.904789594631495
arc 903 46.55788568138574 -67.0317423471025
arc 904 37.22874522403227 -80.85560404405112
arc 905 67.85292792968175 -68.14502227728546
arc 906 73.32093771721466 -71.66256835268517
arc 907 77.85020746335903 -54.651295218101225
arc 908 76.68892992821773 -43.81145225573397
arc 909 82.62363202171562 -44.825383664670575
arc 910 78.0677548580945 -40.57733709833747
arc 911 81.70186888409742 -66.2700230649182
arc 912 81.80690907128528 -66.56299179363084
arc 913 73.95469461065085 -77.6516129832004
arc 914 78.361094174215 -78.19360533567755
arc 915 68.80508120646057 -58.18383991290757
arc 916 68.83154554839615 -70.70825306537245
arc 917 68.8474091631191 -80.96215965597037
arc 918 73.34664555960616 -84.35231513877261
arc 919 14.943414926650535 -35.215336927309984
arc 920 15.084898544299577 -9.873541893667632
arc 921 28.380486635786344 8.144034922159042
arc 922 0.6138057826333349 7.118644371664857
arc 923 15.084898544299577 22.645986993434136
arc 924 27.376799272454143 45.2157659369454
arc 925 3.285116914136719 47.85248449535905
arc 926 20.418595967374134 65.8700613111857
arc 927 10.55099338793873 64.9911551250478
arc 928 -11.477737021083726 72.77864989109419
arc 929 -25.070216122031084 64.86849421585323
arc 930 -29.624675025837785 73.07255280171199
arc 931 -45.9725007776985 71.04442968755278
arc 932 -54.554279483181425 67.54050096704212
arc 933 -57.982642533852385 52.43300430449358
arc 934 -61.52074706668053 46.57362973024103
arc 935 -66.51163199692006 69.86464366289498
arc 936 -68.63373046701294 55.06972286290724
arc 937 -66.80184236416798 45.841207908459445
arc 938 -70.43432422784284 43.849477466234646
arc 939 -73.88005708503336 55.13746150065647
arc 940 -72.5261887766022 42.10035307294451
arc 941 -58.12506878370812 33.01708534150642
arc 942 -80.05323470737656 26.77685253112821
arc 943 -77.3834157416587 -34.2485394456199
arc 944 -76.34531665082991 11.542474359309828
arc 945 -66.1372641484125 11.689273710578883
arc 946 -51.58250264708157 25.136227445978697
arc 947 -47.00120436300951 20.741696515289277
arc 948 -43.92002185687296 37.88036714497807
arc 949 -40.000654411733436 22.499508887565042
arc 950 -41.663029919475946 16.347165584599853
arc 951 -25.00726071277 40.51708570339172
arc 952 -25.669216124773577 31.28857074894389
arc 953 -7.9445918888140845 31.28857074894389
arc 954 37.089107808279365 30.20458661874869
arc 955 52.6066331774145 30.11669596181763
arc 956 58.55414051169054 29.823727233105032
arc 957 63.704092653484935 47.98778841328797
arc 958 63.639124618942844 67.03075577960882
arc 959 71.18533023783688 59.72753297296705
arc 960 72.19432944737385 34.73402620212804
arc 961 72.41693839323493 59.489883778345195
arc 962 74.96241482159992 82.04847588921756
arc 963 75.00037369016667 71.64808601991923
arc 964 80.31248902136764 46.40575792963335
arc 965 80.97887339531864 36.88427424647293
arc 966 71.43628221516533 -13.008057098285748

fg 967 -53.78418268584949 14.765132482598538
fg 968 -35.699519719915024 14.574949112339556
fg 969 -34.802359296331474 14.501706930161406
fg 970 -21.808425640771823 13.944820387058591
fg 971 -23.83354891693205 8.231930177162344
fg 972 -9.617926943957121 -15.658003466968815
fg 973 -24.314374395130493 -31.289308311665927
fg 974 -26.859603483473297 -48.14402934577813
fg 975 -45.27065095944115 -40.88536105632809
fg 976 -54.06155970731811 -31.599540474077713
fg 977 -64.30848072043601 -30.395753491119862
fg 978 -70.06083135395006 -31.260011713401763
fg 979 -71.06002769338271 -35.80102700844751
fg 980 -69.3960326142169 -48.281496269344416
fg 981 -68.0133215468231 -55.678956669338284
fg 982 -67.7968157898129 -69.27178101294366
fg 983 -68.7047438501473 -86.86548064434442
fg 984 -65.45373326970937 -95.15063739090627
fg 985 -59.95345080860617 -94.84156436119927
fg 986 -53.98010408182504 -86.05250249982045
fg 987 -52.311050231158006 -76.67748798181093
fg 988 -48.87229957479619 -60.85717663132898
fg 989 -58.462612211329535 -52.65256259858511
fg 990 -64.3331928456921 -50.89475022630933
fg 991 -57.45237072841783 -55.728734250067696
fg 992 -49.83743121682216 -70.67013941441175
fg 993 -42.2278850719524 -76.09006089559537
fg 994 -29.330362223946736 -82.97482602034212
fg 995 -14.717395122850112 -89.42013805201996
fg 996 -26.48292198067871 -100.40646537874355
fg 997 -41.50963933523739 -118.74072583867658
fg 998 -46.559835126899586 -107.16846105452777
fg 999 -5.033993003441658 -88.33057041888408
fg 1000 10.284696743018072 -80.12744601493048
fg 1001 10.076503086841926 -100.962379945492
fg 1002 9.64354222689527 -88.8041777039179
fg 1003 31.932555943183925 -78.98501229688779
fg 1004 27.09072592747533 -99.34633894241549
fg 1005 33.89987679822879 -88.36001161569192
fg 1006 42.491905218304424 -87.46733691193847
fg 1007 44.301140523006715 -72.96538484066336
fg 1008 40.490443431287844 -59.09228882828613
fg 1009 39.36718228847 -48.98486768770044
fg 1010 25.322885160122034 -50.88916442433253
fg 1011 33.589627261868806 -59.004152231964895
fg 1012 38.73067919329543 -59.73657405374649
fg 1013 20.04150537549987 -52.8518089289997
fg 1014 25.77287369130011 -62.00708170126934
fg 1015 24.579785836505803 -72.70044029928029
fg 1016 23.6304553091612 -34.73169208741949
fg 1017 19.33812094010273 -38.02759028543658
fg 1018 33.1492221548406 -38.833254289396315
fg 1019 23.8985827016896 -23.52563821416146
fg 1020 17.389266454279767 10.435879594453493
fg 1021 -3.986694184436206 -11.743950118815059
fg 1022 10.885408592746154 -11.304497025746114
fg 1023 17.195417259132633 26.337398799438112
fg 1024 17.47507833584072 41.864741421207434
fg 1025 20.561717242865107 61.712530700205996
fg 1026 19.59867148482302 78.99768569425109
fg 1027 24.484711214760498 89.54455992790571
fg 1028 13.137504312386728 89.8375286566183
fg 1029 25.05777703643382 112.23583500090845
fg 1030 13.609018390090315 115.75145974546
fg 1031 -13.763164792104943 112.12340677174026
fg 1032 -13.335943814594083 96.44957978561463
fg 1033 -5.393391375095861 89.56481466086787
fg 1034 -13.55482031453258 80.41943002815076
fg 1035 -38.971350784287736 80.30248832917299
fg 1036 -46.74034699813142 83.30541779847746
fg 1037 -58.85995731024752 66.91357034448389
fg 1038 -59.830807513877744 83.9057566098163
fg 1039 -54.60683518328032 59.882320855380804
fg 1040 -41.589414937597176 60.470313909044236
fg 1041 -32.73522239770718 52.70672776535666
fg 1042 -28.44968874295914 40.841494252495224
fg 1043 -13.583301074379785 46.52294591924288
fg 1044 1.6682651015061891 43.30028990340398
fg 1045 -8.698283058024218 38.90575897271456
fg 1046 -15.426809219489428 26.454588002427837
fg 1047 -56.49421099153676 102.94922166849628
fg 1048 -51.50802379460688 106.75781514176045
fg 1049 -44.56877782659615 114.96093954571403
fg 1050 -36.832915239737034 114.69582430514119
fg 1051 -86.48984864223269 -24.378935711438405

ac-f1 1052 42.83196841508847 -119.76611485648003
ac-f1 1053 42.96126275957742 -107.24145576462502
ac-f1 1054 43.22867744988187 -91.05493350325227
ac-f1 1055 35.95964845144026 -91.78735532503384
ac-f1 1056 30.997575371100133 -78.48356933702752
ac-f1 1057 18.033109293701276 -76.31885228621785
ac-f1 1058 16.803184266140118 -61.75830452779193
ac-f1 1059 35.60256510747096 -61.90478889214825
ac-f1 1060 42.09911529186209 -51.35685436682656
ac-f1 1061 42.53241829023388 -29.525419097296112
ac-f1 1062 2.5758392739959333 -59.91260137086087
ac-f1 1063 -4.157919070179294 -48.19385222235573
ac-f1 1064 14.575122261751542 -43.21338383424104
ac-f1 1065 -13.611773510589908 -40.66455593275845
ac-f1 1066 -0.17648969987540794 -40.6057155515287
ac-f1 1067 4.433337062676576 -48.22290249805706
ac-f1 1068 -30.739288711865328 -48.603762598161865
ac-f1 1069 -41.42129315345275 -49.46801908418881
ac-f1 1070 -53.313797051953266 -32.505129289396294
ac-f1 1071 -44.38196450912471 -41.7336442438441
ac-f1 1072 -56.06324899351736 -22.72490533369676
ac-f1 1073 -63.87682539845031 -17.809293207830382
ac-f1 1074 -59.915308936138786 -22.71652095181171
ac-f1 1075 -52.084818172930696 -17.22335728844991
ac-f1 1076 -60.35297130220959 -15.24581836963969
ac-f1 1077 26.102195116915492 -51.48950355498199
ac-f1 1078 35.11333700433949 -38.921144595085735
ac-f1 1079 25.85199461329554 -32.03637947033896
ac-f1 1080 62.83444127627045 -28.301273128780313
ac-f1 1081 60.54307773138209 -40.4594753703544
ac-f1 1082 58.76746465078411 -53.96533518174552
ac-f1 1083 59.070846617418255 -75.60264999070559
ac-f1 1084 60.035746163975865 -75.89561871941821
ac-f1 1085 58.995474310592904 -75.45616562634926
ac-f1 1086 67.42944245420207 -94.33642935749297
ac-f1 1087 74.70607532146218 -95.8012730010561
ac-f1 1088 72.34203383181016 -101.66064757530867
ac-f1 1089 73.87332217702149 -80.27393037928678
ac-f1 1090 76.21261245644261 -68.61377385255096
ac-f1 1091 69.92981376233166 -62.31494618522946
ac-f1 1092 71.38468952730535 -50.889165765436935
ac-f1 1093 79.31867880629689 -59.47314891641309
ac-f1 1094 79.7445912165048 -59.42895723345363

ac-f2 1095 -81.74024404797265 29.911617187552782
ac-f2 1096 -79.37336649549965 27.56786735785177
ac-f2 1097 -76.26903168328917 25.6635706212197
ac-f2 1098 -77.46633635098726 1.5229460469671043
ac-f2 1099 -78.8476788059491 -11.953615473813803
ac-f2 1100 -78.8476788059491 -11.953615473813803
ac-f2 1101 -76.65308625965855 -12.480959862434942
ac-f2 1102 -71.17836863308274 1.0078086068241012
ac-f2 1103 -71.41324034990522 7.306636274145593
ac-f2 1104 -78.94360020948997 -25.957522532733908
ac-f2 1105 -77.85448035207604 -35.186037487181714
ac-f2 1106 -72.47570367506243 -29.033694184216507
ac-f2 1107 -74.0360570415032 -25.371585075308666
ac-f2 1108 -72.1193788977204 -12.334476647596702
ac-f2 1109 -67.98350472508821 -16.630224884690886
ac-f2 1110 -56.15056976061619 -16.483740520334564
ac-f2 1111 -33.67677333740241 -25.752443950055422
ac-f2 1112 -46.70066308322614 -27.217287593618572
ac-f2 1113 -57.970024787985906 -4.1020543362055895
ac-f2 1114 -52.90975719374099 10.546382099425845
ac-f2 1115 -38.617979539114124 10.985835192494786
ac-f2 1116 -42.099275170278894 26.308101530621766
ac-f2 1117 -57.12110746970118 26.894038988047004
ac-f2 1118 -51.778852445333186 33.151939802657694
ac-f2 1119 -62.96664258255173 31.687096159094526
ac-f2 1120 -66.63970800780284 37.839439462059715
ac-f2 1121 -35.04028109454004 26.053509150093344
ac-f2 1122 -34.3682077361859 7.763426042046701
ac-f2 1123 -32.83693156042581 -21.334911325708415
ac-f2 1124 -25.377989074679014 -15.918376241751123
ac-f2 1125 -11.553182169410572 -37.61767861243494
ac-f2 1126 5.935202534066704 -36.885256790653386
ac-f2 1127 6.006660373107416 -6.757270295942071
ac-f2 1128 -1.0135031418766665 -2.948676822677892
ac-f2 1129 22.415196592483944 -1.4838331791147443
ac-f2 1130 24.164233137653802 -21.69867546028611
ac-f2 1131 32.581476695705874 -9.89203565484991
ac-f2 1132 38.59286703161047 9.638180113300228
ac-f2 1133 5.906063514115322 20.448726700920705
ac-f2 1134 3.4257733103891166 46.159505291694096
ac-f2 1135 16.747082741466418 34.21825873855345
ac-f2 1136 36.50389548907723 41.688961320725475
ac-f2 1137 33.992106092455806 53.11474174051797
ac-f2 1138 20.358533043641884 56.044429027644306
ac-f2 1139 19.80822683885459 67.32372508308046
ac-f2 1140 6.19739943078424 52.1186481395296
ac-f2 1141 -3.8364389447732874 62.51903909448388
ac-f2 1142 -22.59503543653892 80.27294553607018
ac-f2 1143 -39.10316550468289 98.59141229633042
ac-f2 1144 -38.07269910118998 129.3531288111564
ac-f2 1145 -29.313655032193456 122.90781677947858
ac-f2 1146 49.9125898002822 24.228024629645617
ac-f2 1147 56.10649674578973 13.000983153361
ac-f2 1148 52.34056361448252 4.2032048304442835
ac-f2 1149 41.155931129681036 -9.724645078518398
ac-f2 1150 62.67308635103704 11.799420314237453
ac-f2 1151 61.57742514811269 0.9595773518702001
ac-f2 1152 55.84162979874325 -18.6918977030329
ac-f2 1153 59.71138166542696 -25.898928825308666

sw 1154 2.2708748910122742 168.48541388135132
sw 1155 2.2708748910122742 168.48541388135132
sw 1156 -2.6511300418989765 154.21783520287966
sw 1157 -4.186432325670779 144.03717188011584
sw 1158 -4.288691063570996 123.397524214283
sw 1159 3.468849251338147 132.68463306774242
sw 1160 10.083549433903682 126.60553194695538
sw 1161 8.203538694382368 112.32330642221474
sw 1162 -10.60371631133642 119.35455591131782
sw 1163 -18.18827997795603 123.80767962343184
sw 1164 -31.25411699909709 116.131897149408
sw 1165 -21.90293869426874 109.32037420683935
sw 1166 -11.394578109839083 110.6387334860462
sw 1167 -4.434755308169785 114.37408477713221
sw 1168 -14.392808420445162 105.07232764050627
sw 1169 -18.257852180659313 97.38189851179978
sw 1170 5.440311363797608 105.65826509793148
sw 1171 8.276020176299413 97.23541414744344
sw 1172 -4.507774576959198 103.46099963258676
sw 1173 -11.523782544511725 95.00885131748919
sw 1174 4.57936711708184 92.22564839471924
sw 1175 -4.4931677346377565 89.1494767432366
sw 1176 -4.4931677346377565 89.1494767432366
sw 1177 -9.146186547413713 78.89557123829462
sw 1178 3.337244745091219 82.63092252938065
sw 1179 -4.127993360441271 73.32916539275469
sw 1180 -4.186432803358707 70.48736812393828
sw 1181 -2.7242921278620975 62.28424371998468
sw 1182 -2.065390975699601 54.44369134150732
sw 1183 -1.4065175055228902 56.71419898903019
sw 1184 -4.405394092219965 46.8982589249831
sw 1185 -4.068394320472956 34.77857922231002
sw 1186 -4.141448604935188 31.92213411736188
sw 1187 -4.652633155449402 25.550064267862233
sw 1188 -4.215103598812475 15.627801035599273
sw 1189 -12.111098937063659 15.40807448906478
sw 1190 -24.341715650311592 19.890750670140058
sw 1191 -13.197855295544123 20.741273735317126
sw 1192 -24.34106928323117 18.251039541259768
sw 1193 -40.7033891960835 18.075258067742404
sw 1194 -31.11626690532852 28.255921390506227
sw 1195 -37.579974590179035 28.18267920832808
sw 1196 -37.11417153484916 18.148500249920556
sw 1197 -36.83330476339081 4.759828013035259
sw 1198 -38.96051173216053 -6.066280047675622
sw 1199 -33.28580611934978 -2.4041709387677828
sw 1200 -37.114737156153666 -15.29479500212345
sw 1201 -36.6460543917043 -25.40221614270908
sw 1202 -41.20176791083395 -26.867059786272247
sw 1203 -46.98121951663668 -26.720575421915946
sw 1204 -50.17780575828814 -21.447138305088636
sw 1205 -35.22284823782816 -27.01354415062855
sw 1206 -31.579139914425948 -27.04192842110745
sw 1207 -4.2594763549909995 -10.21087528226373
sw 1208 -4.2594763549909995 -16.21673422087262
sw 1209 -4.186433026279637 -23.54095243868834
sw 1210 2.476588543750827 15.399696137381264
sw 1211 2.6960911325085224 11.444618299760785
sw 1212 14.92473262596364 17.41396386621561
sw 1213 22.023888029031692 9.813539605121925
sw 1214 15.74069600444123 4.507616099063197
sw 1215 7.42445202948021 0.5516078110188084
sw 1216 5.017280603731708 -5.728452704780458
sw 1217 2.89844484451396 -17.52044403546375
sw 1218 2.532645791503305 -26.74895898991154
sw 1219 5.892198096212305 -26.675716807733387
sw 1220 14.320475623930399 -26.675716807733387
sw 1221 19.572924289470603 -26.822202353538827
sw 1222 29.362164357536468 -27.189121652143665
sw 1223 36.68567389152245 -27.119315161560216
sw 1224 42.65517123419478 -34.07732246848514
sw 1225 49.83296210600759 -26.826346432847615
sw 1226 43.987214903641096 -20.01482349027899
sw 1227 44.77743058721897 -46.568295230756604
sw 1228 38.86005431851541 -53.759254880408676
sw 1229 43.9641798092541 -51.56198941506397
sw 1230 38.917063722516744 -50.09714577150081
sw 1231 31.81887071443336 -55.95652034575339
sw 1232 22.38257026219741 -56.0985407582287
sw 1233 15.644816433063083 -58.96510254016593
sw 1234 -1.0486125916621947 -58.37398507179396
sw 1235 -4.75598026315018 -50.171812324585254
sw 1236 -46.90072614564114 -33.54583575676342
sw 1237 -45.22382191688628 -38.59954632705626
sw 1238 -40.54768775260829 -43.79325387537013
sw 1239 -36.06738107737206 -51.8498939149674
sw 1240 -31.940277449088327 -67.45047871891487
sw 1241 -34.150227808798945 -64.66727579614492
sw 1242 -29.165514518049918 -71.99149401396062
sw 1243 -25.059644972984575 -73.16336892881112
sw 1244 -18.674611529457533 -74.11551729712718
sw 1245 -9.015938528586808 -76.23954058029373
sw 1246 0.3654991282092826 -74.64935082829174
sw 1247 7.0129634239070455 -67.25189042829787
sw 1248 0.7290407545249217 -79.79089007715707
sw 1249 -4.174467635744078 -87.92077229893249
sw 1250 -4.247512089140909 -98.3211621682308
sw 1251 -4.247512089140909 -96.78307634248952
sw 1252 -4.174467635744078 -110.55260659198304
sw 1253 4.398179473823446 -123.43852013010445
sw 1254 -4.544217994586884 -133.54594127069012
sw 1255 -5.01869332876889 -149.06341382854498

p 1271-2000

tr
f1 15
f2 20
f3 15

gh
f1 25
f2 75
f3 3

de 45

acd
outside 20
box1 
side1 4
side2 3
side3 1
box2
side1 10
side2 5
side3 4
side4 6
side5 2

trd
f1 20
f2 8
f3
outside 45
box1
side1 8
side2 3
side3 3
side4 3
side5 3

box2
side1 12
side2 5
side3 6
side4 5
side5 3

box3
side1 7
side2 3
side3 10
side4 2

dp
f1 20
f2
outside 15
box1
side1 6
side2 5
side3 4
side4 5
side5 7
box2
side1 10
side2 6
side3 12
side4 12
box3
side1 6
side2 10
side3 7
side4 10
sandpit model 30

cstp
f1 12
f2 24

total: 1870